99 
250 
75 
86 
161 
113 
209 
90 
18 
255 
111 
52 
96 
214 
75 
124 
14 
10 
26 
17 
12 
24 
21 
27 
24 
5 
0 
12 
26 
8 
6 
17 
6 
6 
29 
29 
21 
17 
9 
11 
25 
10 
20 
5 
7 
10 
25 
24 
6 
5 
3 
12 
5 
10 
10 
7 
19 
26 
7 
15 
3 
24 
27 
21 
17 
7 
19 
7 
19 
13 
30 
11 
0 
21 
2 
24 
20 
2 
16 
23 
27 
8 
3 
26 
11 
2 
16 
21 
11 
10 
24 
10 
13 
14 
4 
21 
30 
13 
16 
21 
9 
13 
24 
25 
20 
10 
17 
26 
0 
8 
25 
4 
23 
26 
26 
7 
18 
2 
1 
3 
24 
30 
2 
5 
11 
19 
16 
21 
25 
14 
17 
9 
2 
26 
8 
15 
19 
29 
10 
2 
22 
24 
24 
5 
10 
7 
5 
14 
5 
10 
8 
6 
29 
26 
5 
9 
5 
22 
20 
26 
4 
19 
27 
4 
9 
26 
4 
24 
30 
6 
10 
22 
30 
22 
26 
16 
28 
11 
25 
6 
30 
27 
12 
29 
22 
23 
21 
15 
13 
3 
4 
10 
0 
11 
21 
29 
13 
6 
6 
10 
13 
16 
16 
26 
13 
28 
1 
11 
27 
8 
24 
26 
15 
16 
9 
30 
26 
20 
20 
2 
24 
11 
23 
27 
14 
12 
7 
28 
25 
12 
16 
27 
28 
29 
25 
24 
21 
7 
15 
12 
20 
5 
14 
25 
4 
4 
13 
24 
14 
8 
5 
6 
25 
10 
27 
0 
24 
4 
7 
1 
2 
10 
19 
16 
29 
13 
5 
27 
24 
18 
17 
8 
27 
14 
27 
21 
6 
15 
3 
19 
5 
26 
17 
16 
20 
12 
13 
2 
2 
21 
10 
30 
21 
4 
29 
28 
12 
21 
11 
26 
7 
6 
14 
9 
7 
1 
25 
27 
17 
0 
1 
8 
19 
16 
8 
19 
29 
20 
14 
7 
26 
0 
20 
13 
18 
25 
25 
25 
26 
0 
6 
23 
22 
14 
23 
7 
29 
24 
8 
21 
22 
14 
17 
17 
4 
23 
4 
3 
18 
23 
0 
30 
25 
13 
14 
3 
21 
18 
15 
18 
7 
10 
15 
28 
26 
7 
24 
19 
27 
12 
1 
24 
9 
0 
26 
26 
6 
27 
11 
26 
19 
18 
17 
10 
10 
27 
1 
4 
23 
5 
18 
22 
25 
23 
3 
5 
27 
6 
9 
15 
4 
1 
9 
20 
27 
25 
10 
2 
29 
23 
18 
30 
26 
16 
29 
24 
25 
8 
28 
12 
16 
23 
3 
11 
17 
19 
16 
25 
11 
6 
13 
27 
14 
29 
5 
3 
2 
22 
25 
0 
13 
26 
22 
5 
1 
21 
21 
21 
19 
22 
26 
17 
28 
30 
4 
4 
12 
30 
5 
30 
0 
10 
8 
15 
29 
14 
17 
11 
3 
25 
28 
23 
6 
5 
21 
24 
12 
7 
20 
6 
6 
18 
26 
24 
11 
5 
29 
9 
5 
7 
22 
10 
1 
30 
0 
2 
7 
9 
11 
2 
19 
14 
28 
29 
27 
15 
12 
14 
5 
15 
18 
30 
14 
20 
18 
18 
9 
9 
28 
0 
30 
23 
26 
5 
1 
5 
16 
9 
13 
11 
2 
23 
0 
25 
26 
3 
14 
5 
22 
15 
26 
28 
17 
2 
30 
22 
9 
17 
3 
21 
16 
21 
14 
5 
9 
14 
17 
23 
19 
0 
15 
1 
25 
12 
30 
27 
22 
6 
0 
25 
7 
13 
2 
13 
19 
24 
2 
21 
1 
1 
10 
3 
8 
23 
28 
21 
27 
14 
0 
28 
15 
17 
28 
25 
9 
9 
19 
13 
25 
13 
10 
22 
17 
7 
20 
12 
7 
14 
27 
11 
21 
30 
15 
3 
24 
28 
1 
22 
2 
30 
9 
8 
5 
6 
28 
9 
24 
20 
23 
20 
23 
21 
6 
23 
10 
25 
21 
3 
30 
29 
20 
22 
0 
21 
16 
2 
18 
17 
19 
8 
9 
0 
5 
16 
11 
20 
29 
25 
29 
16 
13 
0 
13 
29 
24 
27 
19 
29 
9 
23 
7 
4 
1 
19 
6 
14 
6 
0 
20 
12 
22 
0 
21 
24 
10 
14 
8 
21 
0 
7 
2 
1 
27 
1 
14 
4 
8 
29 
26 
20 
23 
6 
27 
4 
5 
3 
10 
18 
18 
12 
19 
27 
17 
4 
25 
16 
25 
23 
17 
5 
18 
8 
19 
23 
29 
19 
12 
5 
3 
12 
0 
9 
21 
27 
24 
9 
11 
4 
14 
8 
3 
3 
5 
19 
5 
28 
15 
12 
19 
29 
6 
1 
27 
21 
5 
19 
20 
19 
29 
15 
27 
9 
23 
5 
30 
5 
12 
30 
17 
15 
1 
14 
29 
3 
14 
14 
12 
29 
15 
25 
21 
12 
14 
27 
24 
3 
29 
25 
15 
15 
3 
5 
10 
3 
28 
24 
22 
24 
27 
6 
17 
6 
5 
22 
10 
2 
30 
9 
14 
15 
13 
3 
8 
1 
5 
22 
8 
5 
11 
23 
21 
25 
26 
12 
3 
14 
22 
9 
10 
0 
29 
18 
23 
9 
30 
7 
22 
16 
19 
15 
6 
1 
14 
20 
27 
26 
21 
2 
10 
28 
2 
11 
9 
27 
22 
22 
28 
23 
26 
27 
18 
15 
1 
28 
18 
27 
20 
4 
19 
13 
23 
13 
19 
10 
23 
25 
28 
14 
13 
19 
13 
30 
26 
15 
1 
22 
9 
14 
6 
11 
27 
12 
3 
30 
27 
5 
21 
26 
3 
7 
28 
8 
12 
24 
7 
22 
15 
7 
28 
28 
4 
12 
18 
6 
8 
24 
12 
30 
25 
3 
6 
12 
27 
7 
29 
25 
21 
26 
30 
7 
21 
5 
18 
3 
11 
1 
8 
26 
19 
19 
23 
4 
28 
15 
28 
27 
1 
18 
16 
15 
13 
6 
28 
6 
12 
4 
23 
28 
5 
29 
6 
13 
23 
4 
0 
1 
30 
13 
26 
0 
20 
15 
9 
21 
27 
30 
6 
0 
19 
7 
0 
29 
5 
28 
25 
2 
18 
11 
16 
11 
10 
4 
0 
4 
24 
17 
11 
20 
19 
14 
12 
26 
25 
21 
23 
26 
17 
25 
3 
23 
5 
10 
26 
2 
8 
28 
4 
22 
16 
16 
6 
21 
15 
28 
30 
26 
3 
23 
9 
9 
0 
28 
28 
16 
21 
2 
10 
5 
22 
9 
2 
0 
11 
12 
15 
25 
23 
10 
13 
27 
22 
2 
29 
5 
4 
3 
27 
27 
11 
1 
27 
24 
11 
8 
4 
12 
27 
13 
24 
15 
3 
21 
7 
8 
30 
2 
25 
24 
7 
13 
26 
21 
0 
21 
19 
29 
20 
0 
25 
26 
20 
25 
20 
0 
23 
4 
16 
7 
0 
28 
18 
14 
25 
0 
27 
12 
4 
14 
0 
7 
11 
7 
9 
18 
6 
8 
23 
10 
3 
27 
28 
11 
13 
23 
29 
10 
11 
5 
22 
16 
5 
13 
15 
8 
6 
7 
17 
24 
0 
0 
30 
23 
18 
25 
16 
10 
6 
27 
0 
20 
18 
12 
29 
5 
3 
3 
11 
0 
11 
30 
3 
17 
22 
14 
29 
20 
25 
27 
19 
22 
3 
28 
8 
24 
1 
26 
13 
24 
17 
10 
17 
15 
0 
6 
13 
10 
21 
16 
0 
6 
10 
1 
9 
29 
1 
4 
23 
2 
20 
12 
11 
9 
15 
10 
28 
25 
18 
24 
1 
11 
9 
28 
17 
8 
4 
12 
4 
25 
16 
24 
11 
10 
0 
24 
10 
30 
22 
28 
13 
0 
24 
3 
18 
11 
12 
4 
4 
10 
9 
3 
24 
14 
0 
2 
16 
29 
23 
2 
22 
13 
22 
27 
22 
30 
11 
13 
11 
9 
11 
30 
7 
10 
28 
19 
30 
16 
22 
23 
23 
5 
18 
0 
28 
4 
22 
17 
