250 
81 
186 
16 
76 
82 
64 
246 
134 
28 
150 
128 
154 
50 
178 
215 
41 
187 
39 
60 
203 
89 
71 
58 
111 
168 
176 
32 
76 
13 
174 
151 
129 
38 
100 
148 
7 
160 
110 
152 
158 
197 
59 
81 
234 
70 
240 
122 
51 
64 
40 
250 
202 
71 
53 
56 
225 
100 
245 
72 
79 
53 
99 
93 
236 
111 
220 
180 
253 
137 
145 
246 
178 
171 
172 
158 
207 
229 
93 
75 
132 
2 
18 
167 
121 
86 
211 
245 
185 
201 
204 
74 
64 
113 
60 
251 
180 
8 
123 
235 
140 
164 
94 
156 
181 
219 
202 
72 
25 
141 
48 
12 
247 
49 
91 
64 
43 
205 
240 
108 
58 
68 
16 
222 
10 
152 
16 
154 
32 
119 
100 
122 
46 
65 
25 
137 
161 
180 
208 
70 
33 
118 
142 
90 
83 
21 
22 
131 
122 
235 
71 
188 
129 
7 
17 
7 
9 
28 
35 
146 
232 
37 
130 
36 
178 
99 
227 
165 
164 
130 
133 
26 
121 
163 
23 
44 
126 
87 
130 
57 
201 
52 
165 
177 
177 
217 
251 
195 
226 
26 
15 
43 
59 
1 
111 
7 
129 
132 
50 
100 
228 
242 
190 
200 
101 
157 
26 
87 
198 
175 
251 
68 
38 
1 
200 
250 
237 
229 
119 
1 
68 
252 
46 
26 
45 
224 
39 
211 
175 
32 
51 
67 
16 
43 
254 
27 
126 
1 
233 
178 
58 
248 
128 
213 
189 
177 
14 
5 
206 
128 
119 
85 
16 
235 
56 
116 
67 
207 
25 
153 
168 
26 
179 
32 
222 
181 
70 
121 
30 
61 
231 
87 
216 
244 
126 
146 
33 
58 
195 
113 
87 
30 
7 
61 
178 
10 
128 
157 
48 
206 
54 
14 
45 
164 
115 
44 
72 
176 
65 
167 
239 
254 
174 
235 
158 
67 
79 
91 
224 
163 
168 
102 
162 
38 
5 
119 
104 
148 
185 
186 
50 
197 
145 
0 
106 
44 
169 
232 
134 
158 
126 
21 
140 
79 
39 
6 
