20 
16 
10 
16 
0 
29 
10 
6 
20 
21 
10 
27 
20 
23 
14 
12 
25 
12 
0 
29 
15 
21 
15 
7 
22 
8 
29 
28 
23 
16 
12 
1 
6 
16 
1 
12 
8 
20 
4 
22 
14 
18 
29 
15 
17 
10 
20 
1 
20 
24 
18 
8 
12 
7 
29 
8 
30 
28 
22 
13 
18 
23 
6 
18 
25 
8 
5 
22 
20 
29 
28 
24 
7 
4 
12 
10 
14 
16 
6 
23 
6 
21 
15 
10 
21 
8 
25 
30 
3 
16 
0 
1 
5 
26 
5 
5 
14 
8 
16 
10 
27 
25 
28 
13 
7 
4 
21 
6 
9 
11 
6 
0 
25 
26 
7 
20 
19 
5 
3 
22 
24 
7 
11 
15 
22 
30 
2 
13 
23 
19 
17 
20 
5 
8 
16 
19 
11 
10 
6 
5 
27 
10 
0 
1 
16 
25 
30 
26 
28 
15 
21 
13 
27 
10 
28 
16 
7 
27 
17 
29 
1 
5 
19 
21 
28 
19 
13 
21 
0 
16 
24 
15 
22 
16 
25 
19 
5 
19 
9 
2 
30 
10 
19 
13 
19 
20 
21 
25 
14 
22 
0 
13 
25 
21 
23 
13 
18 
12 
3 
25 
16 
16 
20 
24 
20 
19 
9 
13 
11 
15 
7 
24 
27 
16 
18 
4 
20 
12 
18 
4 
21 
23 
13 
25 
6 
20 
29 
15 
11 
3 
28 
28 
20 
3 
8 
23 
27 
30 
14 
9 
29 
9 
13 
0 
0 
13 
20 
27 
17 
27 
9 
16 
19 
27 
23 
14 
1 
3 
30 
0 
1 
2 
4 
27 
22 
6 
1 
5 
1 
13 
5 
0 
0 
29 
29 
4 
17 
30 
15 
23 
1 
23 
9 
4 
14 
18 
13 
21 
11 
10 
17 
4 
6 
3 
17 
17 
5 
12 
5 
0 
26 
4 
13 
21 
2 
20 
12 
5 
16 
23 
22 
15 
6 
17 
2 
17 
24 
24 
29 
18 
23 
12 
17 
15 
24 
24 
3 
25 
24 
8 
7 
5 
16 
0 
30 
0 
22 
12 
6 
24 
8 
25 
9 
16 
1 
9 
17 
7 
15 
17 
21 
11 
15 
19 
23 
6 
20 
12 
17 
20 
24 
4 
2 
28 
2 
5 
22 
6 
16 
29 
7 
14 
26 
21 
1 
29 
26 
18 
13 
10 
0 
1 
0 
30 
12 
3 
25 
24 
26 
27 
8 
12 
25 
24 
29 
22 
24 
26 
16 
24 
23 
22 
1 
17 
6 
15 
5 
0 
14 
18 
7 
29 
8 
19 
29 
9 
26 
8 
0 
25 
19 
14 
11 
24 
27 
7 
24 
27 
4 
10 
0 
1 
23 
3 
22 
5 
7 
16 
3 
19 
17 
27 
13 
3 
28 
2 
14 
28 
20 
12 
18 
22 
0 
13 
16 
14 
20 
22 
8 
23 
2 
24 
10 
8 
2 
13 
27 
3 
20 
27 
19 
4 
10 
18 
21 
1 
12 
7 
18 
18 
25 
8 
6 
22 
21 
22 
25 
22 
1 
12 
22 
8 
14 
25 
19 
22 
20 
16 
28 
28 
2 
9 
19 
27 
13 
10 
25 
13 
16 
14 
2 
26 
14 
3 
11 
6 
29 
14 
21 
23 
2 
24 
29 
30 
16 
21 
3 
9 
19 
24 
18 
20 
5 
20 
30 
29 
19 
22 
9 
5 
21 
2 
11 
3 
7 
0 
28 
25 
13 
3 
30 
30 
2 
19 
13 
1 
13 
16 
0 
10 
12 
1 
21 
10 
26 
16 
29 
17 
4 
24 
14 
12 
3 
6 
14 
13 
24 
2 
0 
0 
29 
20 
17 
16 
6 
6 
13 
18 
21 
9 
14 
2 
30 
16 
18 
13 
12 
21 
30 
0 
24 
17 
16 
3 
12 
5 
24 
26 
12 
12 
25 
1 
4 
12 
27 
1 
21 
10 
25 
28 
10 
9 
12 
1 
15 
11 
21 
27 
9 
0 
14 
20 
30 
18 
4 
22 
30 
27 
14 
0 
27 
20 
13 
1 
9 
12 
8 
11 
9 
19 
4 
4 
4 
29 
18 
3 
3 
20 
2 
2 
13 
18 
8 
22 
4 
30 
10 
6 
11 
29 
8 
1 
21 
5 
1 
13 
1 
24 
11 
18 
30 
8 
14 
21 
14 
22 
15 
23 
3 
8 
29 
13 
23 
13 
12 
8 
0 
14 
3 
9 
4 
30 
0 
29 
21 
12 
14 
20 
10 
18 
20 
22 
3 
26 
19 
6 
4 
2 
4 
30 
11 
9 
21 
27 
26 
22 
5 
25 
9 
2 
21 
16 
13 
12 
27 
6 
29 
1 
5 
15 
11 
23 
28 
21 
23 
19 
5 
18 
24 
16 
30 
18 
10 
14 
14 
9 
16 
15 
8 
22 
13 
8 
14 
27 
8 
26 
27 
14 
6 
11 
28 
19 
15 
27 
24 
20 
25 
13 
9 
28 
20 
8 
25 
1 
4 
21 
5 
9 
25 
20 
0 
0 
6 
12 
3 
15 
20 
10 
18 
0 
26 
13 
15 
19 
9 
22 
27 
17 
29 
29 
5 
12 
4 
14 
14 
20 
19 
2 
27 
12 
2 
3 
8 
14 
25 
13 
26 
23 
11 
21 
1 
27 
18 
5 
28 
26 
1 
13 
2 
13 
18 
22 
27 
2 
4 
5 
27 
17 
19 
30 
27 
22 
30 
15 
28 
4 
10 
30 
16 
9 
3 
8 
23 
28 
22 
30 
25 
2 
28 
9 
16 
25 
0 
3 
27 
28 
23 
14 
3 
7 
6 
17 
7 
10 
11 
5 
9 
20 
7 
6 
19 
24 
10 
21 
17 
29 
8 
22 
30 
25 
5 
18 
17 
9 
7 
19 
13 
27 
12 
24 
3 
12 
20 
21 
29 
24 
3 
7 
28 
6 
4 
11 
25 
27 
12 
24 
28 
13 
13 
7 
11 
19 
25 
14 
7 
2 
0 
25 
22 
24 
6 
10 
2 
5 
6 
13 
10 
22 
7 
29 
30 
27 
23 
3 
4 
4 
19 
30 
0 
3 
25 
18 
11 
22 
8 
15 
7 
9 
12 
13 
7 
6 
20 
15 
18 
2 
5 
24 
3 
5 
6 
8 
3 
10 
6 
19 
26 
15 
20 
19 
8 
8 
19 
11 
28 
16 
26 
24 
2 
19 
3 
1 
30 
7 
16 
15 
17 
26 
24 
0 
8 
11 
8 
8 
25 
21 
4 
3 
30 
22 
10 
8 
18 
29 
28 
14 
25 
21 
10 
15 
1 
16 
15 
15 
18 
19 
24 
25 
28 
20 
8 
30 
5 
9 
12 
15 
17 
4 
8 
1 
23 
22 
3 
1 
11 
29 
2 
18 
9 
23 
7 
4 
30 
28 
22 
13 
4 
13 
22 
13 
28 
16 
13 
24 
9 
17 
17 
29 
13 
30 
9 
19 
1 
23 
11 
0 
27 
2 
23 
20 
6 
12 
27 
12 
6 
12 
17 
22 
20 
13 
28 
27 
25 
11 
28 
1 
30 
28 
28 
20 
13 
12 
22 
3 
21 
21 
21 
13 
27 
10 
26 
5 
12 
28 
22 
14 
11 
11 
10 
28 
1 
10 
26 
29 
16 
7 
23 
6 
12 
18 
0 
28 
5 
15 
6 
28 
14 
7 
1 
25 
26 
10 
25 
25 
4 
16 
26 
16 
3 
21 
21 
4 
18 
16 
1 
7 
15 
18 
27 
10 
13 
19 
18 
19 
27 
8 
23 
5 
9 
14 
16 
2 
20 
23 
1 
5 
20 
3 
25 
1 
15 
12 
20 
20 
27 
27 
18 
9 
28 
20 
13 
11 
19 
0 
30 
30 
25 
29 
29 
16 
20 
10 
27 
20 
13 
26 
30 
17 
7 
7 
10 
9 
13 
25 
25 
30 
25 
14 
17 
27 
3 
7 
13 
3 
17 
16 
16 
29 
20 
3 
2 
10 
18 
8 
3 
8 
23 
12 
10 
20 
5 
30 
4 
15 
3 
8 
1 
12 
29 
22 
