26 
13 
30 
9 
7 
1 
2 
30 
17 
9 
14 
15 
6 
3 
5 
24 
30 
10 
9 
13 
18 
27 
11 
17 
19 
14 
15 
28 
16 
4 
25 
11 
19 
27 
5 
17 
25 
21 
29 
8 
7 
27 
27 
28 
14 
24 
2 
2 
28 
25 
21 
21 
19 
22 
17 
12 
19 
23 
8 
7 
13 
4 
3 
2 
26 
27 
23 
6 
2 
2 
13 
18 
5 
18 
2 
9 
18 
19 
2 
5 
11 
7 
28 
5 
11 
23 
5 
15 
11 
30 
30 
21 
10 
19 
17 
28 
25 
23 
4 
4 
21 
0 
28 
3 
9 
6 
9 
19 
29 
29 
25 
20 
14 
7 
21 
17 
5 
12 
30 
11 
15 
0 
1 
20 
0 
2 
22 
4 
16 
4 
30 
2 
9 
27 
1 
2 
0 
12 
29 
15 
4 
1 
12 
29 
12 
23 
1 
17 
11 
26 
20 
15 
16 
11 
19 
0 
2 
23 
15 
1 
29 
13 
14 
27 
30 
18 
8 
17 
27 
24 
16 
9 
18 
21 
14 
28 
3 
8 
8 
16 
8 
9 
14 
27 
25 
21 
18 
11 
30 
20 
8 
2 
11 
15 
9 
27 
16 
7 
1 
13 
0 
11 
10 
13 
23 
22 
4 
13 
20 
25 
5 
14 
5 
21 
23 
30 
24 
24 
17 
5 
20 
29 
17 
6 
14 
14 
9 
25 
26 
16 
11 
17 
12 
5 
28 
17 
17 
27 
5 
15 
17 
23 
13 
22 
1 
4 
19 
3 
9 
1 
12 
25 
9 
6 
16 
3 
0 
5 
19 
23 
23 
2 
9 
25 
2 
4 
3 
27 
18 
16 
0 
15 
10 
12 
6 
12 
21 
20 
21 
15 
4 
14 
8 
24 
7 
25 
26 
21 
19 
4 
27 
9 
4 
18 
18 
18 
20 
20 
19 
0 
2 
11 
10 
16 
27 
1 
26 
13 
0 
26 
8 
13 
25 
5 
2 
24 
12 
13 
29 
14 
29 
19 
15 
16 
23 
30 
19 
8 
4 
12 
8 
16 
16 
23 
22 
21 
1 
24 
13 
8 
21 
9 
2 
14 
16 
22 
25 
29 
25 
20 
0 
19 
23 
3 
0 
4 
28 
16 
20 
12 
26 
6 
3 
19 
28 
28 
11 
15 
29 
26 
29 
23 
0 
25 
14 
14 
5 
3 
3 
11 
10 
24 
21 
20 
15 
3 
10 
27 
13 
12 
29 
10 
27 
28 
24 
9 
14 
12 
7 
1 
23 
19 
3 
26 
4 
11 
21 
7 
19 
8 
10 
29 
1 
22 
8 
12 
5 
11 
7 
30 
20 
5 
30 
7 
22 
23 
10 
6 
21 
5 
1 
28 
12 
10 
24 
22 
6 
2 
11 
4 
25 
4 
19 
27 
18 
2 
6 
2 
23 
14 
18 
18 
3 
17 
23 
2 
0 
27 
7 
10 
12 
17 
24 
27 
17 
2 
5 
9 
19 
25 
23 
18 
21 
27 
18 
11 
24 
11 
22 
2 
1 
17 
28 
17 
2 
19 
9 
28 
12 
17 
9 
14 
7 
1 
3 
9 
10 
21 
1 
29 
23 
10 
23 
10 
27 
4 
0 
4 
12 
18 
18 
17 
30 
0 
19 
28 
2 
17 
26 
2 
24 
8 
10 
18 
11 
25 
7 
16 
10 
26 
14 
5 
8 
26 
30 
10 
30 
10 
18 
8 
7 
23 
19 
0 
0 
27 
13 
6 
14 
7 
18 
22 
6 
6 
23 
1 
28 
3 
19 
21 
18 
6 
9 
10 
3 
21 
24 
21 
0 
17 
9 
23 
3 
7 
28 
12 
16 
18 
7 
6 
2 
7 
16 
7 
0 
8 
25 
5 
3 
6 
7 
24 
5 
30 
23 
30 
16 
26 
24 
17 
4 
7 
22 
21 
0 
11 
16 
16 
22 
0 
21 
5 
6 
27 
3 
27 
19 
22 
11 
9 
21 
21 
28 
22 
16 
10 
8 
3 
23 
10 
21 
16 
15 
23 
0 
6 
25 
2 
7 
11 
9 
1 
17 
29 
12 
21 
28 
9 
2 
17 
10 
22 
19 
3 
14 
28 
4 
21 
7 
25 
12 
25 
24 
25 
20 
7 
8 
17 
8 
14 
3 
24 
0 
16 
9 
0 
28 
10 
30 
28 
30 
6 
21 
16 
9 
6 
15 
0 
20 
0 
17 
3 
4 
28 
24 
7 
7 
6 
6 
8 
30 
11 
4 
22 
25 
17 
24 
1 
5 
25 
12 
30 
26 
7 
3 
23 
23 
26 
27 
1 
0 
18 
6 
29 
13 
3 
8 
24 
25 
0 
25 
10 
30 
24 
22 
22 
30 
2 
24 
9 
22 
13 
1 
24 
6 
8 
2 
13 
6 
14 
10 
30 
22 
8 
1 
3 
16 
7 
25 
13 
26 
9 
20 
13 
14 
15 
5 
22 
11 
6 
10 
18 
6 
28 
10 
28 
9 
10 
21 
21 
7 
30 
9 
25 
5 
7 
21 
17 
1 
5 
3 
21 
19 
28 
30 
29 
17 
28 
23 
10 
18 
18 
30 
22 
7 
9 
3 
11 
27 
7 
26 
21 
5 
13 
10 
7 
4 
18 
5 
29 
23 
16 
19 
0 
1 
14 
30 
21 
7 
1 
7 
7 
18 
25 
12 
25 
25 
25 
19 
9 
13 
30 
1 
16 
27 
18 
18 
12 
24 
14 
4 
28 
23 
8 
23 
28 
0 
0 
23 
27 
13 
9 
8 
13 
24 
4 
9 
23 
23 
8 
12 
16 
8 
26 
7 
14 
10 
28 
15 
9 
10 
5 
28 
0 
1 
18 
5 
5 
30 
14 
25 
30 
2 
5 
27 
15 
1 
27 
2 
30 
20 
9 
28 
21 
8 
16 
3 
12 
18 
1 
22 
29 
13 
25 
25 
30 
13 
3 
22 
9 
22 
3 
27 
29 
11 
5 
14 
16 
9 
20 
28 
17 
9 
24 
0 
20 
23 
1 
7 
14 
7 
0 
3 
14 
16 
17 
29 
3 
26 
9 
11 
16 
22 
26 
7 
26 
18 
15 
18 
18 
7 
3 
17 
28 
6 
4 
20 
30 
10 
17 
17 
3 
16 
5 
21 
26 
13 
12 
27 
0 
4 
14 
7 
6 
3 
16 
19 
18 
18 
15 
28 
12 
8 
7 
14 
2 
5 
27 
1 
28 
30 
25 
30 
22 
11 
22 
7 
29 
18 
8 
0 
10 
1 
18 
25 
8 
26 
18 
15 
5 
0 
3 
3 
25 
2 
28 
22 
6 
11 
15 
12 
10 
20 
19 
23 
25 
27 
28 
0 
14 
19 
1 
5 
11 
12 
24 
26 
17 
18 
13 
7 
17 
18 
4 
26 
23 
4 
6 
16 
23 
6 
9 
28 
8 
24 
11 
5 
9 
25 
0 
17 
24 
30 
16 
27 
16 
25 
10 
15 
12 
8 
26 
27 
3 
29 
24 
1 
30 
8 
25 
15 
24 
7 
6 
3 
30 
12 
23 
8 
3 
18 
16 
25 
6 
8 
30 
29 
23 
7 
30 
10 
9 
9 
13 
28 
19 
14 
25 
17 
1 
3 
26 
16 
29 
19 
7 
1 
12 
21 
29 
21 
1 
21 
17 
15 
6 
11 
22 
22 
16 
0 
25 
3 
11 
18 
16 
11 
6 
17 
2 
27 
20 
4 
15 
16 
14 
3 
22 
8 
7 
18 
6 
16 
8 
29 
27 
29 
2 
29 
29 
2 
17 
11 
6 
4 
26 
29 
13 
0 
16 
10 
24 
3 
11 
1 
19 
21 
2 
6 
10 
5 
30 
17 
21 
11 
2 
13 
23 
13 
30 
12 
4 
7 
8 
30 
23 
4 
1 
19 
3 
11 
3 
17 
23 
15 
2 
2 
1 
8 
7 
3 
20 
25 
21 
2 
26 
24 
21 
28 
10 
9 
19 
1 
30 
12 
30 
12 
19 
18 
13 
30 
21 
29 
1 
7 
1 
20 
4 
22 
4 
14 
7 
15 
18 
9 
8 
28 
29 
3 
17 
3 
19 
13 
10 
17 
13 
22 
26 
3 
14 
24 
27 
22 
20 
14 
5 
9 
24 
22 
25 
6 
14 
30 
7 
1 
8 
30 
12 
27 
11 
25 
19 
24 
13 
5 
26 
30 
5 
10 
13 
20 
15 
28 
4 
27 
24 
24 
26 
0 
27 
2 
29 
3 
22 
5 
2 
15 
14 
19 
30 
8 
12 
29 
4 
27 
4 
9 
5 
13 
22 
8 
0 
2 
10 
27 
11 
17 
3 
13 
17 
22 
1 
28 
22 
14 
27 
20 
11 
0 
10 
17 
16 
13 
26 
18 
15 
12 
15 
5 
19 
21 
22 
11 
3 
26 
25 
19 
24 
14 
16 
28 
10 
8 
28 
2 
17 
20 
3 
10 
1 
2 
4 
25 
7 
24 
25 
5 
3 
26 
23 
10 
19 
5 
10 
6 
17 
26 
13 
2 
26 
16 
30 
25 
18 
23 
24 
7 
6 
29 
7 
3 
0 
5 
7 
14 
14 
5 
5 
1 
4 
29 
9 
2 
11 
6 
7 
22 
13 
25 
1 
11 
23 
4 
1 
17 
30 
21 
17 
21 
2 
19 
12 
26 
0 
27 
5 
25 
19 
30 
13 
4 
22 
15 
3 
29 
4 
4 
9 
13 
21 
25 
9 
1 
0 
27 
16 
18 
14 
7 
18 
26 
0 
22 
27 
2 
30 
0 
10 
7 
18 
0 
16 
20 
24 
22 
25 
12 
17 
9 
15 
24 
7 
5 
8 
28 
27 
28 
24 
26 
21 
30 
4 
3 
18 
11 
25 
5 
9 
25 
0 
0 
10 
12 
27 
23 
5 
23 
20 
30 
15 
1 
1 
17 
3 
1 
13 
17 
16 
0 
6 
21 
3 
25 
26 
7 
11 
25 
20 
20 
22 
19 
15 
7 
3 
2 
10 
24 
4 
3 
7 
8 
16 
12 
14 
8 
14 
26 
2 
8 
7 
