19 
19 
26 
14 
26 
23 
5 
2 
7 
21 
25 
18 
5 
9 
25 
26 
11 
3 
2 
19 
7 
10 
3 
1 
9 
7 
16 
15 
15 
21 
26 
3 
18 
26 
21 
10 
2 
18 
8 
26 
6 
21 
10 
7 
8 
3 
1 
20 
8 
1 
19 
30 
8 
1 
4 
16 
9 
18 
3 
24 
0 
28 
18 
1 
20 
21 
10 
28 
28 
13 
20 
2 
24 
1 
18 
28 
24 
13 
1 
13 
2 
17 
18 
30 
22 
11 
4 
10 
22 
19 
2 
28 
17 
11 
29 
22 
26 
30 
28 
1 
18 
23 
14 
13 
12 
26 
24 
16 
3 
2 
23 
9 
7 
19 
1 
4 
17 
6 
10 
7 
13 
6 
18 
4 
10 
8 
14 
0 
1 
25 
14 
26 
13 
24 
11 
23 
3 
3 
4 
11 
29 
16 
4 
29 
21 
25 
24 
9 
24 
22 
3 
16 
3 
2 
22 
11 
15 
26 
22 
22 
25 
25 
18 
11 
21 
13 
4 
23 
0 
0 
15 
25 
26 
5 
15 
16 
13 
28 
16 
7 
2 
7 
30 
21 
29 
1 
22 
20 
18 
10 
6 
15 
29 
23 
24 
25 
17 
9 
3 
9 
21 
27 
21 
16 
23 
1 
30 
15 
27 
17 
9 
6 
29 
6 
7 
19 
17 
11 
12 
12 
19 
17 
10 
8 
24 
10 
6 
15 
13 
30 
20 
17 
5 
2 
28 
19 
7 
22 
2 
20 
6 
30 
6 
10 
0 
7 
12 
29 
16 
5 
18 
10 
2 
16 
16 
14 
26 
27 
2 
13 
27 
4 
27 
21 
17 
23 
3 
1 
8 
8 
1 
3 
1 
7 
29 
2 
15 
29 
5 
27 
24 
2 
13 
9 
16 
5 
1 
9 
16 
22 
4 
7 
5 
17 
17 
9 
14 
5 
6 
10 
29 
27 
8 
23 
9 
6 
15 
21 
9 
23 
7 
0 
15 
13 
8 
26 
28 
29 
29 
18 
25 
30 
8 
14 
24 
0 
15 
1 
28 
0 
1 
4 
6 
28 
18 
22 
25 
0 
27 
22 
6 
12 
13 
22 
26 
18 
18 
5 
2 
17 
7 
12 
24 
6 
28 
19 
18 
30 
23 
29 
3 
7 
10 
12 
11 
20 
7 
26 
14 
30 
2 
7 
27 
6 
30 
9 
11 
11 
25 
19 
29 
2 
26 
15 
14 
2 
9 
3 
3 
15 
26 
29 
21 
7 
4 
1 
0 
16 
5 
2 
3 
5 
8 
22 
26 
3 
22 
4 
17 
27 
19 
11 
4 
14 
6 
26 
15 
0 
13 
13 
29 
30 
10 
17 
27 
2 
9 
12 
23 
6 
11 
24 
10 
20 
24 
29 
19 
23 
19 
22 
15 
26 
7 
15 
16 
0 
7 
23 
30 
4 
22 
16 
14 
26 
29 
0 
14 
17 
25 
2 
18 
15 
10 
2 
25 
4 
19 
20 
2 
1 
23 
7 
17 
18 
8 
11 
28 
9 
19 
26 
27 
5 
2 
21 
19 
25 
28 
12 
5 
16 
0 
0 
7 
12 
4 
2 
29 
30 
27 
15 
6 
20 
29 
0 
6 
18 
26 
30 
1 
26 
9 
19 
27 
18 
10 
26 
28 
19 
23 
11 
13 
7 
16 
10 
13 
19 
5 
6 
27 
15 
9 
12 
19 
18 
0 
23 
0 
17 
7 
27 
2 
0 
1 
18 
20 
14 
11 
25 
12 
27 
10 
21 
27 
1 
5 
27 
1 
16 
2 
19 
20 
7 
2 
21 
13 
15 
10 
10 
25 
11 
12 
12 
30 
11 
3 
22 
23 
27 
12 
29 
8 
24 
11 
3 
19 
5 
20 
22 
14 
14 
8 
16 
6 
17 
20 
1 
2 
5 
16 
2 
6 
24 
23 
13 
22 
18 
22 
18 
2 
1 
17 
17 
19 
22 
25 
11 
19 
24 
18 
20 
27 
6 
11 
1 
27 
27 
9 
25 
17 
23 
5 
13 
12 
18 
5 
23 
23 
11 
11 
4 
30 
29 
19 
29 
10 
20 
28 
5 
27 
15 
5 
29 
29 
13 
12 
8 
1 
22 
4 
12 
9 
15 
28 
27 
19 
3 
22 
3 
23 
3 
22 
29 
16 
9 
7 
6 
26 
5 
26 
6 
12 
26 
12 
3 
14 
1 
2 
1 
18 
14 
9 
30 
12 
27 
26 
22 
30 
1 
1 
25 
4 
30 
14 
25 
21 
1 
17 
29 
24 
26 
28 
11 
16 
6 
7 
12 
6 
4 
9 
27 
20 
21 
3 
14 
28 
12 
21 
19 
20 
6 
18 
6 
8 
4 
7 
9 
26 
1 
5 
3 
5 
24 
4 
6 
24 
16 
14 
22 
30 
0 
1 
17 
13 
19 
7 
13 
19 
9 
17 
25 
10 
10 
6 
6 
1 
8 
1 
4 
23 
30 
21 
29 
10 
19 
22 
16 
6 
16 
0 
5 
24 
11 
9 
27 
14 
3 
3 
16 
4 
24 
29 
12 
20 
25 
10 
21 
1 
30 
20 
26 
7 
5 
1 
24 
16 
6 
18 
1 
6 
27 
4 
12 
26 
7 
23 
3 
25 
19 
28 
13 
20 
19 
16 
6 
4 
28 
27 
28 
8 
6 
1 
12 
20 
22 
4 
28 
22 
0 
6 
6 
29 
18 
11 
24 
23 
12 
5 
9 
18 
15 
30 
30 
4 
22 
30 
4 
26 
27 
30 
11 
9 
19 
30 
14 
17 
13 
30 
20 
11 
1 
27 
19 
30 
21 
28 
25 
6 
22 
17 
23 
16 
1 
17 
21 
26 
3 
11 
11 
27 
8 
11 
17 
25 
8 
9 
8 
17 
23 
9 
11 
20 
13 
27 
12 
17 
3 
25 
26 
24 
21 
13 
29 
28 
25 
27 
3 
2 
13 
4 
23 
20 
17 
20 
28 
23 
29 
4 
29 
1 
4 
25 
14 
16 
18 
11 
6 
19 
26 
12 
7 
30 
5 
11 
9 
9 
22 
18 
6 
0 
1 
7 
26 
26 
26 
11 
14 
23 
13 
6 
14 
23 
7 
22 
19 
29 
12 
5 
18 
14 
19 
2 
9 
3 
24 
4 
12 
4 
18 
7 
1 
3 
8 
22 
11 
9 
27 
15 
0 
3 
10 
5 
13 
27 
2 
28 
11 
29 
15 
26 
12 
7 
27 
26 
5 
7 
5 
3 
5 
15 
21 
7 
13 
3 
8 
12 
16 
24 
3 
22 
25 
18 
29 
10 
2 
18 
2 
9 
6 
12 
0 
17 
25 
6 
1 
0 
1 
27 
20 
10 
4 
26 
18 
9 
17 
7 
6 
3 
27 
1 
14 
12 
16 
1 
27 
2 
12 
7 
7 
17 
12 
6 
26 
11 
12 
9 
8 
6 
26 
21 
24 
0 
28 
30 
6 
0 
24 
30 
4 
9 
14 
0 
5 
19 
8 
18 
4 
30 
18 
29 
23 
23 
27 
19 
13 
24 
11 
10 
23 
7 
10 
29 
20 
30 
22 
22 
21 
5 
17 
30 
27 
13 
29 
22 
24 
9 
6 
23 
25 
19 
25 
22 
21 
1 
0 
20 
26 
17 
10 
4 
7 
15 
13 
19 
0 
9 
12 
21 
10 
25 
23 
10 
25 
26 
13 
0 
9 
16 
25 
28 
23 
14 
8 
7 
8 
3 
9 
1 
22 
28 
8 
21 
1 
18 
10 
23 
8 
14 
6 
17 
27 
13 
18 
8 
11 
4 
1 
6 
19 
10 
21 
28 
3 
30 
9 
10 
27 
10 
3 
14 
4 
21 
8 
25 
16 
28 
13 
13 
28 
15 
17 
3 
30 
8 
25 
4 
16 
23 
27 
30 
24 
29 
12 
16 
5 
20 
23 
9 
25 
6 
11 
6 
18 
1 
2 
24 
12 
1 
15 
3 
21 
5 
18 
21 
9 
27 
9 
2 
0 
12 
13 
26 
17 
3 
30 
22 
7 
30 
17 
3 
1 
23 
7 
26 
16 
11 
1 
20 
18 
0 
17 
16 
4 
7 
29 
29 
0 
11 
9 
15 
16 
11 
5 
11 
23 
1 
8 
28 
14 
5 
2 
15 
12 
11 
22 
15 
23 
6 
28 
27 
5 
9 
23 
9 
6 
30 
28 
28 
5 
3 
24 
19 
17 
16 
15 
25 
27 
21 
7 
13 
8 
16 
5 
20 
9 
24 
13 
2 
25 
14 
26 
9 
29 
25 
21 
12 
17 
10 
11 
14 
0 
22 
22 
4 
25 
9 
8 
10 
17 
27 
8 
7 
12 
15 
12 
8 
0 
4 
19 
17 
0 
12 
5 
27 
14 
22 
11 
30 
4 
25 
26 
24 
10 
29 
27 
5 
29 
8 
30 
4 
6 
12 
16 
8 
5 
0 
28 
15 
11 
0 
9 
3 
29 
0 
6 
2 
12 
0 
20 
14 
13 
13 
22 
29 
11 
18 
28 
12 
27 
20 
10 
14 
30 
18 
7 
6 
24 
14 
5 
25 
29 
9 
19 
11 
14 
26 
19 
5 
18 
18 
5 
10 
3 
8 
14 
20 
26 
22 
4 
7 
11 
18 
6 
27 
22 
28 
2 
6 
0 
3 
25 
24 
21 
27 
0 
0 
16 
19 
15 
3 
15 
18 
3 
25 
4 
14 
28 
14 
23 
27 
14 
27 
8 
13 
19 
18 
9 
29 
23 
13 
9 
5 
21 
14 
2 
27 
15 
8 
28 
23 
29 
2 
8 
12 
15 
12 
9 
30 
24 
12 
8 
5 
16 
26 
27 
0 
16 
0 
30 
15 
29 
