2 
9 
3 
16 
12 
12 
9 
22 
0 
2 
21 
13 
1 
17 
12 
17 
11 
13 
1 
9 
30 
3 
9 
19 
20 
12 
28 
16 
9 
7 
8 
12 
22 
2 
7 
16 
2 
22 
6 
1 
28 
2 
22 
0 
11 
4 
13 
21 
14 
22 
4 
15 
19 
18 
17 
13 
30 
14 
18 
7 
15 
2 
3 
7 
4 
26 
28 
7 
16 
29 
30 
30 
8 
16 
11 
4 
11 
19 
17 
13 
2 
17 
26 
27 
21 
22 
9 
2 
14 
9 
30 
18 
1 
8 
27 
10 
17 
18 
3 
28 
3 
22 
27 
1 
15 
1 
15 
1 
26 
6 
12 
4 
14 
9 
26 
1 
29 
3 
8 
16 
21 
22 
6 
3 
0 
12 
17 
3 
7 
30 
25 
17 
10 
24 
6 
16 
22 
6 
17 
29 
14 
5 
24 
3 
6 
15 
20 
4 
2 
14 
6 
18 
0 
11 
15 
9 
30 
27 
21 
10 
13 
11 
26 
22 
14 
24 
15 
22 
3 
19 
22 
25 
1 
1 
19 
8 
13 
10 
13 
0 
19 
9 
28 
13 
5 
25 
0 
16 
24 
17 
6 
6 
4 
0 
13 
18 
25 
4 
23 
25 
15 
30 
1 
28 
24 
23 
5 
2 
30 
0 
0 
29 
27 
22 
11 
10 
30 
6 
25 
9 
12 
30 
3 
19 
30 
1 
27 
7 
26 
23 
4 
22 
24 
3 
2 
6 
20 
0 
9 
9 
20 
2 
20 
6 
30 
6 
20 
16 
23 
15 
8 
30 
11 
0 
12 
20 
13 
6 
3 
22 
10 
9 
30 
16 
11 
28 
6 
7 
28 
3 
7 
3 
19 
13 
13 
12 
23 
11 
15 
20 
23 
15 
22 
23 
12 
0 
8 
5 
15 
27 
26 
12 
23 
21 
2 
15 
11 
3 
3 
21 
21 
24 
26 
4 
24 
10 
3 
0 
22 
21 
29 
2 
4 
0 
4 
6 
8 
0 
14 
13 
8 
19 
0 
4 
11 
19 
15 
12 
10 
1 
21 
10 
9 
9 
15 
13 
7 
19 
11 
18 
11 
21 
7 
24 
10 
9 
13 
4 
30 
6 
27 
22 
23 
29 
30 
15 
11 
16 
14 
22 
23 
24 
8 
22 
10 
16 
2 
0 
4 
16 
14 
9 
15 
21 
6 
5 
1 
7 
29 
29 
3 
11 
6 
18 
20 
13 
21 
5 
21 
30 
14 
20 
23 
23 
14 
18 
10 
29 
1 
25 
1 
4 
29 
7 
14 
24 
13 
4 
20 
20 
11 
22 
28 
11 
0 
18 
1 
1 
26 
11 
18 
5 
24 
22 
3 
30 
17 
15 
4 
0 
4 
26 
14 
18 
1 
8 
12 
7 
12 
5 
27 
22 
1 
19 
8 
26 
19 
19 
22 
3 
20 
25 
28 
30 
6 
30 
2 
0 
5 
17 
1 
8 
4 
19 
22 
27 
25 
2 
0 
17 
15 
1 
26 
8 
2 
23 
30 
22 
27 
6 
7 
24 
8 
26 
0 
4 
6 
7 
30 
30 
4 
10 
23 
1 
12 
6 
2 
11 
1 
28 
24 
16 
7 
27 
18 
22 
12 
9 
12 
0 
14 
12 
6 
3 
23 
0 
7 
22 
11 
19 
30 
23 
29 
9 
12 
28 
12 
4 
16 
24 
17 
14 
23 
27 
24 
0 
17 
0 
20 
27 
2 
13 
17 
9 
12 
10 
17 
5 
24 
2 
22 
6 
19 
0 
5 
28 
5 
10 
20 
2 
13 
15 
3 
14 
4 
8 
23 
1 
24 
3 
16 
8 
14 
22 
3 
10 
11 
1 
1 
27 
19 
0 
13 
1 
0 
5 
24 
2 
16 
1 
6 
4 
16 
3 
29 
7 
1 
6 
6 
23 
0 
10 
27 
5 
9 
19 
1 
29 
22 
24 
15 
8 
28 
9 
5 
11 
1 
4 
8 
4 
8 
27 
7 
2 
15 
25 
2 
0 
29 
5 
24 
6 
3 
18 
27 
19 
26 
19 
9 
2 
11 
14 
16 
5 
25 
7 
20 
9 
9 
12 
16 
11 
25 
4 
10 
21 
2 
0 
3 
5 
15 
19 
12 
27 
30 
13 
18 
3 
19 
15 
17 
30 
9 
17 
2 
8 
7 
21 
10 
29 
6 
7 
9 
0 
16 
23 
30 
17 
2 
6 
7 
15 
15 
23 
6 
27 
9 
29 
23 
12 
8 
8 
10 
16 
3 
12 
7 
3 
24 
1 
28 
8 
29 
10 
18 
4 
19 
22 
30 
0 
10 
7 
29 
26 
25 
5 
22 
21 
24 
6 
7 
22 
0 
17 
16 
25 
12 
6 
18 
30 
5 
7 
30 
2 
26 
1 
13 
1 
16 
21 
8 
8 
19 
1 
16 
7 
21 
9 
19 
23 
15 
4 
4 
14 
13 
15 
2 
30 
5 
25 
11 
17 
26 
22 
21 
3 
26 
10 
23 
1 
22 
0 
28 
16 
6 
11 
17 
13 
22 
16 
29 
8 
29 
18 
5 
18 
8 
11 
24 
28 
16 
25 
17 
27 
5 
26 
16 
20 
17 
6 
19 
1 
27 
11 
5 
14 
26 
15 
5 
2 
19 
22 
6 
0 
17 
0 
27 
17 
1 
26 
15 
7 
18 
26 
12 
14 
29 
19 
10 
8 
19 
25 
11 
26 
6 
27 
16 
26 
15 
23 
12 
1 
11 
18 
6 
23 
2 
25 
10 
8 
0 
9 
25 
9 
29 
29 
23 
21 
6 
19 
1 
23 
15 
15 
9 
0 
29 
20 
21 
27 
13 
6 
24 
15 
17 
5 
16 
2 
0 
0 
18 
14 
25 
28 
19 
14 
0 
25 
23 
30 
24 
16 
25 
1 
7 
11 
3 
10 
17 
15 
0 
27 
25 
9 
8 
3 
14 
8 
8 
28 
17 
20 
6 
30 
3 
2 
3 
27 
18 
22 
0 
15 
29 
19 
24 
27 
26 
17 
28 
26 
1 
3 
4 
22 
29 
2 
14 
15 
8 
3 
3 
9 
19 
5 
0 
5 
10 
25 
0 
8 
14 
19 
21 
4 
22 
1 
4 
19 
28 
28 
21 
25 
21 
11 
23 
25 
12 
30 
18 
22 
1 
27 
18 
16 
10 
6 
18 
17 
24 
14 
27 
23 
5 
25 
26 
6 
19 
11 
21 
19 
8 
22 
25 
6 
30 
17 
7 
18 
15 
13 
10 
29 
29 
7 
0 
23 
13 
23 
8 
11 
13 
21 
27 
17 
26 
15 
30 
28 
8 
28 
15 
20 
27 
25 
14 
5 
27 
6 
3 
19 
16 
22 
23 
15 
19 
18 
28 
18 
12 
2 
17 
17 
24 
10 
3 
12 
17 
18 
4 
26 
20 
28 
28 
2 
17 
10 
17 
26 
13 
9 
27 
23 
13 
16 
13 
16 
13 
10 
25 
10 
17 
29 
19 
27 
6 
2 
1 
15 
13 
13 
30 
24 
9 
5 
4 
12 
3 
19 
18 
22 
22 
12 
10 
3 
27 
12 
10 
9 
7 
7 
29 
6 
21 
30 
7 
12 
10 
7 
1 
21 
1 
0 
4 
20 
23 
2 
0 
11 
9 
3 
11 
5 
3 
16 
1 
16 
28 
11 
7 
13 
13 
15 
27 
19 
10 
5 
16 
30 
20 
19 
4 
16 
13 
15 
9 
11 
2 
22 
21 
20 
18 
11 
20 
4 
16 
2 
3 
27 
3 
29 
14 
3 
28 
9 
24 
28 
28 
4 
19 
22 
8 
12 
4 
25 
8 
28 
9 
30 
0 
24 
18 
6 
2 
6 
23 
13 
15 
30 
14 
23 
26 
4 
16 
10 
25 
1 
24 
26 
17 
24 
4 
27 
16 
29 
25 
19 
6 
2 
23 
5 
29 
26 
8 
12 
21 
12 
20 
10 
26 
3 
21 
24 
0 
1 
9 
25 
17 
6 
0 
25 
29 
17 
17 
28 
24 
14 
24 
19 
14 
16 
18 
24 
15 
8 
4 
13 
21 
2 
19 
21 
12 
14 
30 
13 
10 
8 
13 
15 
25 
10 
26 
17 
10 
29 
5 
11 
29 
28 
9 
5 
16 
17 
3 
5 
21 
9 
7 
2 
30 
9 
17 
18 
28 
13 
5 
20 
7 
4 
14 
15 
29 
19 
25 
26 
5 
21 
22 
4 
6 
6 
18 
21 
14 
5 
24 
5 
5 
1 
24 
22 
2 
5 
12 
9 
4 
22 
9 
18 
2 
0 
4 
29 
18 
30 
10 
19 
15 
4 
2 
3 
23 
12 
6 
4 
11 
24 
20 
28 
11 
11 
28 
11 
5 
23 
28 
2 
13 
12 
2 
0 
6 
24 
2 
30 
11 
19 
19 
26 
22 
15 
1 
13 
23 
9 
6 
20 
8 
24 
11 
5 
26 
22 
9 
12 
6 
27 
12 
4 
7 
24 
2 
30 
12 
6 
23 
5 
6 
25 
4 
4 
26 
7 
5 
16 
3 
18 
2 
21 
5 
5 
26 
4 
18 
20 
20 
29 
6 
30 
7 
26 
22 
6 
5 
18 
5 
10 
24 
21 
18 
5 
30 
18 
15 
22 
6 
18 
29 
5 
17 
20 
