28 
3 
1 
14 
10 
18 
2 
29 
30 
0 
3 
27 
22 
9 
27 
23 
21 
0 
15 
2 
16 
9 
8 
9 
19 
11 
25 
6 
3 
18 
8 
21 
6 
17 
17 
19 
4 
20 
7 
1 
2 
27 
8 
1 
24 
5 
3 
7 
11 
28 
19 
2 
1 
25 
22 
5 
8 
9 
10 
4 
8 
24 
23 
30 
2 
4 
3 
5 
0 
17 
6 
11 
26 
15 
27 
3 
12 
1 
0 
21 
6 
12 
4 
28 
8 
20 
24 
6 
14 
15 
17 
3 
21 
7 
3 
28 
17 
26 
0 
25 
16 
14 
8 
0 
25 
1 
21 
22 
18 
6 
0 
7 
15 
19 
29 
23 
2 
29 
26 
10 
9 
9 
7 
3 
25 
13 
25 
23 
26 
2 
21 
13 
20 
11 
11 
14 
28 
0 
24 
19 
5 
18 
11 
4 
15 
24 
21 
4 
11 
10 
29 
4 
21 
23 
30 
27 
19 
14 
29 
16 
27 
3 
23 
25 
1 
20 
14 
13 
16 
8 
14 
21 
2 
1 
8 
18 
24 
26 
27 
14 
13 
25 
6 
8 
18 
19 
29 
23 
17 
16 
12 
8 
6 
15 
12 
1 
6 
7 
4 
13 
25 
28 
17 
11 
5 
1 
6 
25 
5 
7 
19 
19 
6 
12 
27 
23 
5 
4 
4 
3 
26 
8 
8 
0 
25 
21 
21 
16 
3 
8 
14 
11 
28 
20 
27 
10 
12 
3 
10 
11 
3 
23 
12 
3 
12 
19 
17 
20 
14 
25 
30 
20 
9 
7 
28 
28 
26 
15 
8 
5 
27 
11 
3 
8 
23 
0 
8 
0 
2 
24 
30 
30 
20 
10 
1 
11 
2 
17 
10 
10 
19 
16 
29 
30 
15 
30 
5 
13 
17 
29 
24 
19 
3 
11 
11 
13 
4 
3 
0 
12 
22 
13 
4 
28 
5 
29 
0 
3 
18 
30 
12 
7 
5 
24 
13 
4 
22 
25 
13 
28 
14 
19 
27 
15 
5 
5 
6 
5 
30 
8 
27 
29 
12 
21 
1 
26 
1 
27 
4 
9 
6 
16 
1 
23 
30 
12 
0 
0 
1 
14 
23 
28 
8 
10 
18 
26 
16 
1 
22 
16 
1 
9 
4 
17 
13 
0 
13 
4 
26 
6 
15 
10 
2 
9 
4 
18 
27 
11 
18 
18 
28 
25 
7 
1 
7 
19 
30 
8 
22 
13 
25 
11 
11 
21 
7 
27 
30 
9 
3 
22 
27 
28 
7 
18 
19 
24 
0 
30 
17 
21 
30 
0 
18 
22 
29 
27 
16 
16 
13 
24 
21 
25 
22 
13 
6 
30 
3 
16 
30 
18 
29 
14 
2 
14 
14 
7 
27 
27 
30 
20 
16 
17 
22 
29 
13 
3 
28 
22 
1 
19 
7 
28 
23 
23 
22 
30 
12 
16 
4 
9 
1 
14 
18 
21 
10 
7 
25 
29 
20 
22 
19 
14 
16 
22 
10 
27 
27 
4 
21 
11 
22 
6 
28 
14 
16 
29 
5 
26 
18 
13 
5 
26 
21 
17 
30 
10 
6 
17 
24 
16 
15 
23 
6 
1 
15 
3 
20 
30 
7 
20 
10 
5 
17 
23 
20 
11 
18 
6 
24 
12 
13 
11 
5 
28 
25 
27 
20 
3 
11 
15 
10 
6 
7 
3 
2 
8 
11 
26 
1 
29 
4 
22 
16 
0 
4 
15 
30 
12 
28 
15 
3 
17 
19 
21 
30 
2 
6 
29 
20 
3 
12 
21 
2 
19 
28 
16 
11 
4 
17 
9 
30 
11 
21 
1 
20 
8 
4 
28 
24 
3 
14 
5 
1 
4 
21 
6 
20 
15 
26 
19 
4 
20 
19 
20 
9 
18 
24 
11 
6 
14 
7 
28 
24 
4 
6 
9 
17 
23 
5 
25 
8 
0 
22 
19 
27 
22 
0 
5 
15 
7 
0 
11 
16 
19 
3 
27 
7 
20 
9 
20 
11 
13 
19 
22 
0 
14 
29 
0 
13 
1 
13 
7 
10 
27 
15 
21 
4 
17 
28 
24 
23 
11 
4 
12 
28 
17 
9 
4 
27 
10 
13 
18 
13 
10 
12 
6 
11 
10 
18 
3 
8 
7 
7 
13 
6 
15 
0 
5 
24 
2 
23 
5 
26 
19 
5 
1 
27 
29 
7 
3 
11 
26 
2 
28 
0 
19 
23 
7 
3 
30 
5 
9 
4 
21 
1 
21 
21 
30 
0 
28 
16 
19 
16 
4 
6 
3 
3 
4 
25 
16 
28 
11 
10 
22 
22 
27 
25 
23 
13 
6 
30 
4 
4 
26 
16 
13 
30 
29 
18 
30 
21 
4 
2 
0 
14 
6 
25 
6 
1 
27 
17 
8 
0 
26 
8 
23 
4 
21 
27 
14 
10 
17 
26 
12 
27 
9 
16 
24 
0 
4 
1 
30 
1 
23 
18 
14 
5 
23 
12 
1 
7 
2 
1 
28 
2 
3 
14 
18 
15 
17 
15 
14 
19 
8 
3 
5 
5 
23 
10 
9 
29 
23 
5 
24 
13 
18 
29 
12 
6 
7 
27 
12 
21 
22 
21 
11 
20 
30 
19 
19 
3 
13 
5 
9 
10 
1 
22 
24 
10 
29 
24 
25 
20 
23 
20 
0 
8 
9 
3 
6 
9 
29 
8 
10 
8 
14 
12 
20 
0 
13 
15 
26 
21 
21 
10 
24 
28 
28 
9 
20 
2 
13 
28 
21 
1 
4 
30 
22 
4 
2 
5 
13 
22 
14 
22 
19 
29 
26 
29 
27 
25 
2 
7 
12 
2 
30 
8 
0 
15 
17 
14 
30 
30 
7 
4 
29 
10 
3 
5 
17 
0 
6 
2 
0 
28 
10 
25 
21 
7 
5 
21 
26 
24 
14 
13 
6 
22 
5 
19 
5 
25 
26 
14 
29 
0 
11 
3 
11 
17 
0 
13 
8 
2 
2 
7 
19 
6 
25 
23 
3 
26 
29 
11 
22 
8 
16 
26 
3 
0 
20 
15 
3 
12 
4 
14 
25 
10 
10 
5 
15 
28 
14 
23 
6 
0 
28 
9 
11 
26 
27 
19 
24 
28 
21 
18 
7 
20 
7 
23 
9 
9 
27 
25 
11 
11 
16 
13 
13 
30 
7 
5 
26 
18 
1 
11 
23 
4 
26 
26 
5 
0 
16 
3 
23 
24 
27 
25 
9 
8 
16 
12 
25 
3 
5 
5 
23 
0 
26 
3 
27 
14 
21 
0 
7 
1 
21 
1 
29 
12 
23 
23 
2 
7 
0 
18 
27 
25 
24 
3 
27 
25 
17 
22 
10 
7 
2 
19 
27 
27 
7 
14 
16 
7 
23 
29 
20 
11 
19 
4 
25 
28 
26 
4 
25 
0 
17 
16 
16 
2 
21 
10 
3 
20 
26 
18 
7 
13 
4 
2 
5 
17 
1 
24 
23 
12 
8 
4 
15 
30 
23 
23 
29 
24 
15 
9 
4 
11 
14 
15 
15 
17 
4 
14 
0 
27 
30 
12 
7 
29 
24 
20 
12 
15 
18 
6 
17 
20 
4 
0 
30 
0 
15 
3 
7 
14 
14 
21 
7 
1 
9 
28 
24 
8 
4 
7 
20 
18 
28 
10 
15 
29 
6 
30 
24 
12 
16 
20 
2 
22 
11 
18 
4 
4 
9 
4 
13 
7 
27 
19 
6 
8 
30 
8 
14 
27 
15 
27 
13 
15 
18 
27 
7 
18 
10 
3 
10 
7 
5 
2 
3 
17 
30 
3 
8 
28 
6 
16 
28 
4 
17 
30 
14 
19 
13 
8 
3 
16 
18 
12 
15 
20 
10 
13 
22 
20 
8 
27 
26 
7 
17 
14 
10 
1 
6 
30 
6 
12 
24 
24 
13 
10 
5 
13 
26 
10 
27 
29 
21 
14 
0 
29 
12 
25 
15 
16 
25 
0 
22 
9 
18 
0 
21 
11 
27 
6 
6 
3 
10 
14 
13 
26 
15 
8 
25 
10 
28 
7 
24 
23 
5 
13 
13 
18 
14 
13 
8 
19 
22 
29 
28 
17 
9 
14 
15 
24 
8 
9 
25 
24 
23 
18 
21 
19 
3 
11 
1 
6 
18 
30 
24 
28 
7 
14 
0 
18 
7 
15 
10 
8 
5 
30 
30 
12 
25 
11 
12 
6 
23 
16 
13 
23 
17 
20 
12 
11 
29 
26 
12 
24 
28 
13 
11 
24 
17 
20 
19 
2 
11 
18 
8 
24 
2 
8 
18 
6 
7 
13 
15 
14 
14 
23 
29 
20 
22 
6 
4 
21 
25 
22 
19 
9 
8 
0 
3 
8 
11 
1 
4 
13 
14 
5 
18 
8 
9 
0 
7 
9 
7 
16 
4 
4 
13 
21 
27 
17 
5 
13 
6 
16 
1 
