16 
3 
9 
2 
19 
17 
1 
0 
12 
24 
18 
25 
9 
0 
10 
1 
17 
1 
25 
6 
23 
22 
27 
8 
10 
24 
0 
19 
4 
28 
5 
16 
23 
30 
7 
12 
9 
10 
29 
22 
15 
27 
9 
21 
25 
1 
9 
24 
14 
4 
1 
30 
1 
18 
15 
30 
18 
9 
16 
0 
12 
2 
29 
18 
11 
21 
11 
1 
18 
17 
22 
1 
7 
11 
0 
5 
7 
18 
7 
29 
30 
19 
5 
19 
17 
30 
0 
2 
24 
8 
22 
25 
30 
24 
25 
22 
3 
12 
1 
28 
2 
15 
21 
27 
4 
13 
29 
19 
9 
12 
18 
21 
4 
3 
0 
27 
27 
3 
3 
30 
4 
0 
3 
8 
8 
8 
22 
6 
16 
7 
13 
5 
28 
15 
4 
20 
6 
4 
19 
17 
26 
7 
16 
0 
2 
2 
21 
26 
15 
9 
7 
5 
14 
30 
29 
23 
10 
25 
11 
19 
19 
12 
11 
27 
22 
27 
30 
0 
11 
1 
10 
23 
6 
11 
17 
15 
20 
27 
15 
25 
22 
6 
12 
18 
20 
27 
1 
20 
12 
3 
26 
7 
16 
17 
14 
28 
12 
1 
19 
30 
19 
18 
28 
5 
9 
2 
0 
20 
25 
12 
4 
1 
17 
8 
30 
26 
22 
24 
29 
5 
19 
21 
5 
26 
4 
26 
1 
20 
0 
21 
0 
30 
12 
17 
4 
21 
27 
28 
4 
23 
2 
19 
7 
3 
10 
10 
15 
24 
14 
20 
14 
30 
29 
4 
16 
29 
12 
3 
4 
21 
27 
21 
10 
1 
16 
20 
6 
18 
19 
17 
2 
14 
30 
28 
21 
27 
26 
13 
3 
8 
3 
29 
7 
28 
7 
7 
19 
26 
23 
10 
5 
5 
2 
24 
25 
0 
11 
15 
26 
17 
19 
0 
25 
20 
6 
4 
22 
2 
7 
25 
12 
8 
3 
29 
23 
21 
6 
11 
17 
2 
0 
22 
30 
3 
25 
5 
1 
7 
2 
8 
4 
5 
2 
5 
0 
19 
28 
6 
21 
30 
9 
20 
23 
3 
11 
11 
28 
27 
17 
24 
5 
17 
3 
21 
22 
0 
6 
10 
26 
5 
30 
24 
21 
14 
17 
4 
8 
8 
22 
0 
28 
24 
2 
2 
28 
22 
16 
24 
23 
6 
13 
13 
20 
3 
7 
11 
6 
15 
17 
19 
3 
17 
0 
3 
4 
19 
20 
10 
4 
11 
8 
19 
12 
8 
26 
8 
20 
8 
0 
30 
15 
21 
5 
10 
15 
29 
21 
11 
8 
7 
14 
25 
5 
4 
15 
19 
21 
4 
3 
5 
20 
3 
6 
0 
29 
20 
28 
26 
6 
24 
12 
28 
8 
5 
5 
0 
23 
3 
1 
5 
28 
15 
4 
22 
26 
29 
24 
2 
1 
29 
20 
28 
29 
2 
30 
15 
26 
16 
1 
26 
28 
19 
1 
4 
0 
13 
9 
2 
28 
3 
4 
25 
15 
19 
10 
11 
5 
0 
19 
5 
8 
4 
19 
15 
8 
29 
9 
11 
15 
3 
18 
18 
26 
14 
22 
2 
17 
7 
7 
4 
30 
24 
23 
12 
5 
17 
29 
8 
19 
22 
28 
22 
21 
11 
5 
9 
11 
13 
22 
15 
28 
6 
5 
30 
6 
19 
10 
30 
6 
13 
21 
17 
2 
16 
13 
29 
3 
22 
3 
15 
4 
24 
6 
16 
20 
23 
13 
15 
10 
30 
1 
30 
8 
6 
27 
3 
25 
16 
15 
5 
3 
29 
5 
11 
30 
27 
12 
9 
7 
24 
11 
18 
9 
25 
6 
11 
2 
7 
5 
3 
1 
11 
20 
5 
6 
17 
22 
30 
3 
11 
28 
18 
2 
4 
4 
17 
29 
16 
8 
5 
23 
23 
28 
4 
2 
29 
7 
1 
3 
20 
19 
21 
1 
8 
23 
23 
6 
15 
8 
15 
18 
12 
8 
17 
8 
9 
5 
26 
18 
9 
18 
10 
20 
22 
27 
14 
17 
30 
1 
15 
9 
29 
5 
22 
24 
29 
22 
29 
16 
19 
11 
25 
25 
0 
18 
21 
2 
28 
6 
17 
29 
13 
9 
22 
5 
27 
25 
6 
6 
4 
28 
30 
30 
28 
16 
11 
19 
0 
8 
26 
7 
27 
7 
9 
4 
16 
28 
16 
19 
9 
30 
0 
3 
21 
10 
1 
7 
25 
21 
25 
28 
28 
2 
22 
3 
6 
10 
2 
24 
11 
7 
14 
15 
25 
26 
0 
9 
5 
30 
6 
4 
23 
7 
26 
15 
8 
10 
21 
6 
24 
20 
7 
5 
4 
2 
10 
11 
29 
2 
3 
26 
7 
4 
8 
9 
15 
16 
26 
15 
29 
5 
28 
6 
8 
5 
0 
5 
25 
2 
14 
30 
7 
14 
12 
3 
4 
19 
29 
0 
18 
15 
11 
6 
30 
29 
29 
22 
14 
14 
13 
10 
11 
24 
14 
28 
9 
10 
3 
27 
10 
22 
13 
1 
19 
7 
21 
1 
13 
15 
21 
8 
20 
16 
25 
23 
7 
0 
13 
29 
19 
21 
12 
13 
3 
4 
27 
21 
22 
25 
12 
2 
4 
8 
28 
8 
28 
0 
0 
14 
18 
3 
0 
8 
17 
14 
19 
0 
13 
13 
11 
18 
6 
19 
25 
2 
13 
7 
17 
4 
4 
29 
29 
19 
4 
24 
4 
29 
6 
18 
6 
9 
26 
11 
13 
27 
28 
11 
24 
4 
5 
13 
4 
29 
16 
9 
14 
16 
14 
2 
7 
24 
1 
28 
9 
15 
3 
10 
7 
6 
14 
8 
13 
16 
4 
9 
17 
10 
5 
30 
6 
2 
23 
15 
16 
30 
11 
11 
24 
24 
0 
28 
7 
15 
0 
22 
5 
28 
2 
23 
21 
10 
25 
20 
19 
25 
26 
12 
9 
0 
4 
0 
15 
1 
24 
30 
18 
25 
18 
8 
24 
7 
26 
18 
25 
13 
28 
21 
16 
24 
23 
15 
6 
26 
26 
10 
9 
26 
10 
2 
26 
11 
22 
20 
1 
22 
11 
21 
2 
23 
26 
8 
25 
25 
22 
4 
4 
1 
6 
0 
8 
30 
14 
8 
1 
28 
26 
30 
16 
25 
8 
7 
19 
4 
30 
26 
15 
13 
17 
1 
17 
5 
12 
11 
1 
7 
2 
26 
0 
5 
20 
24 
15 
3 
4 
19 
21 
29 
21 
14 
29 
17 
3 
18 
24 
19 
7 
6 
13 
21 
8 
7 
9 
9 
11 
30 
28 
15 
13 
2 
4 
8 
30 
20 
26 
20 
15 
21 
15 
0 
22 
29 
26 
2 
22 
30 
12 
29 
15 
1 
28 
27 
29 
2 
16 
18 
3 
7 
24 
12 
4 
0 
18 
26 
18 
17 
19 
4 
24 
17 
30 
19 
23 
21 
12 
15 
9 
14 
16 
3 
25 
2 
20 
18 
29 
11 
18 
17 
13 
22 
20 
3 
28 
18 
2 
27 
16 
1 
21 
10 
30 
8 
9 
14 
18 
1 
19 
9 
29 
14 
3 
15 
0 
13 
1 
28 
9 
16 
0 
13 
14 
7 
6 
17 
14 
21 
30 
22 
1 
11 
21 
23 
26 
24 
13 
22 
24 
18 
12 
21 
21 
30 
16 
4 
17 
27 
18 
22 
6 
8 
6 
6 
7 
24 
24 
25 
11 
9 
6 
25 
1 
19 
18 
26 
10 
19 
27 
26 
19 
0 
9 
0 
12 
9 
5 
19 
10 
4 
3 
11 
4 
20 
21 
1 
20 
26 
29 
30 
15 
15 
5 
16 
6 
25 
16 
6 
3 
28 
29 
9 
25 
2 
4 
10 
17 
17 
3 
7 
29 
27 
26 
5 
6 
0 
16 
11 
14 
28 
10 
7 
11 
7 
5 
18 
27 
23 
1 
14 
17 
5 
6 
17 
12 
1 
4 
3 
3 
1 
2 
26 
22 
9 
0 
24 
1 
14 
7 
24 
1 
16 
9 
16 
25 
10 
4 
28 
25 
1 
4 
29 
10 
25 
9 
12 
1 
8 
9 
0 
22 
23 
23 
0 
25 
6 
5 
23 
23 
18 
8 
10 
22 
26 
19 
0 
15 
8 
22 
12 
16 
14 
22 
12 
10 
3 
6 
26 
7 
24 
11 
1 
27 
