11 
20 
17 
23 
29 
2 
1 
28 
25 
16 
25 
4 
22 
30 
20 
27 
25 
0 
6 
25 
1 
22 
25 
16 
30 
25 
26 
3 
12 
11 
25 
8 
1 
25 
9 
27 
14 
1 
20 
7 
5 
30 
12 
0 
25 
7 
7 
12 
14 
27 
24 
2 
8 
29 
18 
27 
27 
27 
25 
1 
17 
17 
7 
7 
16 
22 
29 
1 
25 
12 
2 
0 
7 
13 
7 
16 
15 
16 
26 
29 
20 
15 
18 
4 
3 
12 
27 
28 
0 
29 
6 
29 
7 
10 
5 
1 
15 
5 
18 
25 
27 
2 
7 
7 
1 
6 
8 
6 
3 
10 
6 
27 
19 
14 
23 
5 
0 
8 
10 
5 
3 
18 
27 
11 
6 
18 
14 
17 
29 
4 
23 
28 
27 
18 
20 
14 
18 
21 
9 
13 
29 
10 
20 
20 
29 
14 
23 
2 
30 
13 
1 
28 
25 
27 
25 
26 
23 
26 
0 
5 
19 
27 
4 
23 
4 
2 
5 
20 
4 
5 
19 
16 
20 
17 
0 
22 
5 
6 
22 
23 
11 
22 
13 
2 
23 
4 
17 
7 
20 
4 
14 
6 
20 
3 
28 
13 
22 
25 
30 
25 
8 
20 
2 
21 
6 
1 
2 
6 
27 
3 
30 
8 
24 
16 
4 
3 
27 
7 
26 
11 
7 
27 
29 
12 
22 
21 
5 
6 
16 
8 
2 
23 
3 
22 
12 
22 
24 
14 
6 
30 
20 
29 
6 
28 
0 
0 
23 
7 
11 
16 
22 
22 
11 
29 
0 
27 
22 
17 
22 
20 
19 
8 
9 
11 
28 
3 
12 
26 
13 
20 
16 
20 
6 
11 
23 
4 
12 
28 
12 
30 
15 
4 
22 
0 
2 
15 
4 
16 
12 
23 
9 
9 
23 
16 
19 
27 
5 
17 
12 
23 
20 
9 
25 
21 
8 
14 
14 
1 
3 
24 
12 
26 
0 
25 
20 
11 
22 
17 
19 
24 
20 
10 
4 
24 
5 
24 
4 
6 
4 
8 
11 
21 
30 
20 
9 
25 
1 
19 
6 
3 
13 
11 
17 
15 
17 
11 
29 
7 
18 
16 
20 
8 
18 
16 
23 
27 
26 
22 
4 
20 
8 
2 
1 
10 
9 
0 
9 
30 
21 
23 
22 
3 
4 
7 
22 
20 
17 
3 
17 
2 
23 
23 
29 
18 
6 
1 
4 
14 
7 
9 
9 
11 
1 
18 
23 
5 
10 
12 
3 
3 
26 
21 
24 
8 
6 
17 
9 
17 
25 
9 
29 
26 
12 
21 
27 
28 
0 
14 
26 
1 
10 
9 
11 
4 
22 
10 
28 
26 
22 
25 
7 
5 
28 
0 
1 
24 
22 
30 
12 
27 
5 
17 
5 
28 
14 
9 
9 
4 
15 
2 
20 
8 
9 
5 
9 
20 
26 
16 
4 
9 
28 
8 
24 
12 
29 
11 
24 
8 
7 
10 
11 
2 
29 
29 
10 
6 
3 
1 
15 
5 
15 
3 
26 
17 
24 
26 
16 
8 
26 
3 
6 
6 
23 
5 
28 
3 
13 
20 
20 
11 
5 
22 
24 
14 
21 
4 
3 
7 
25 
0 
24 
11 
0 
0 
1 
17 
29 
24 
18 
22 
6 
3 
12 
29 
17 
12 
23 
16 
19 
5 
16 
27 
8 
26 
17 
21 
0 
22 
16 
29 
1 
14 
14 
23 
23 
21 
20 
12 
10 
15 
9 
24 
22 
16 
18 
4 
30 
12 
9 
6 
28 
3 
20 
7 
14 
27 
25 
6 
11 
5 
24 
5 
2 
8 
4 
30 
1 
30 
15 
11 
22 
3 
25 
21 
20 
12 
20 
28 
9 
20 
30 
18 
4 
14 
26 
3 
16 
9 
0 
2 
7 
1 
20 
17 
15 
11 
29 
30 
21 
5 
16 
0 
7 
23 
19 
15 
6 
14 
29 
9 
24 
18 
4 
7 
26 
16 
10 
7 
8 
8 
27 
12 
21 
6 
21 
27 
13 
12 
28 
3 
3 
4 
25 
18 
1 
27 
30 
14 
2 
0 
12 
7 
18 
29 
16 
13 
24 
22 
13 
3 
13 
8 
15 
7 
2 
28 
25 
16 
2 
16 
16 
10 
10 
4 
8 
9 
10 
22 
12 
23 
25 
8 
6 
28 
7 
13 
10 
7 
10 
24 
10 
21 
27 
23 
29 
21 
16 
11 
1 
20 
6 
4 
18 
24 
9 
30 
21 
12 
26 
21 
1 
10 
27 
12 
21 
11 
22 
6 
6 
1 
2 
7 
25 
9 
16 
16 
26 
4 
20 
10 
25 
14 
17 
19 
10 
2 
0 
25 
2 
8 
6 
24 
5 
11 
10 
20 
21 
3 
27 
1 
7 
24 
17 
22 
17 
30 
29 
10 
18 
7 
28 
29 
22 
2 
3 
6 
2 
2 
8 
21 
25 
17 
0 
30 
23 
8 
27 
7 
0 
1 
29 
4 
26 
16 
13 
25 
11 
3 
1 
1 
1 
24 
27 
30 
8 
2 
17 
18 
5 
28 
26 
11 
18 
25 
22 
15 
12 
22 
11 
19 
20 
25 
27 
9 
20 
21 
28 
11 
29 
7 
7 
1 
17 
5 
19 
16 
2 
2 
24 
1 
3 
6 
15 
30 
16 
7 
6 
25 
20 
18 
16 
11 
20 
12 
11 
14 
23 
16 
20 
3 
28 
14 
6 
9 
30 
25 
1 
26 
23 
26 
6 
10 
7 
7 
6 
5 
5 
14 
14 
27 
21 
10 
8 
28 
24 
11 
5 
3 
4 
5 
4 
24 
6 
20 
11 
21 
28 
11 
25 
7 
15 
19 
13 
18 
24 
19 
7 
18 
11 
23 
14 
19 
1 
3 
28 
14 
5 
0 
15 
15 
24 
11 
30 
26 
30 
20 
12 
17 
3 
20 
24 
16 
14 
30 
15 
15 
15 
26 
15 
19 
11 
26 
20 
15 
25 
4 
20 
22 
26 
24 
25 
28 
27 
10 
10 
5 
9 
0 
11 
28 
1 
20 
22 
9 
2 
16 
30 
26 
13 
3 
2 
3 
0 
16 
13 
17 
8 
21 
11 
13 
20 
19 
19 
12 
26 
22 
30 
22 
12 
4 
4 
2 
21 
5 
19 
12 
1 
17 
10 
13 
24 
1 
6 
11 
14 
11 
7 
6 
17 
19 
13 
11 
17 
5 
11 
8 
22 
9 
30 
22 
10 
3 
3 
1 
6 
2 
4 
15 
6 
28 
13 
1 
23 
14 
27 
9 
6 
3 
6 
1 
29 
15 
27 
0 
22 
12 
22 
12 
23 
23 
21 
23 
13 
28 
10 
19 
6 
8 
28 
3 
2 
16 
27 
29 
20 
26 
9 
29 
25 
24 
0 
21 
15 
18 
22 
30 
2 
27 
14 
13 
15 
3 
16 
19 
19 
12 
3 
12 
11 
5 
24 
16 
6 
9 
26 
23 
21 
26 
25 
5 
16 
22 
27 
5 
21 
5 
6 
13 
29 
28 
0 
25 
5 
12 
2 
23 
2 
22 
30 
2 
13 
7 
21 
12 
18 
2 
22 
6 
24 
9 
21 
2 
26 
16 
21 
6 
2 
24 
2 
7 
2 
27 
3 
3 
19 
4 
0 
24 
1 
10 
13 
3 
26 
26 
4 
7 
25 
0 
28 
22 
6 
3 
14 
2 
5 
1 
27 
7 
5 
6 
24 
19 
20 
1 
21 
16 
22 
24 
29 
21 
10 
20 
11 
8 
3 
26 
9 
0 
16 
3 
9 
25 
14 
4 
5 
2 
18 
29 
27 
21 
23 
1 
27 
9 
26 
19 
4 
7 
23 
18 
18 
23 
4 
30 
21 
29 
16 
8 
29 
1 
17 
29 
7 
17 
12 
22 
24 
3 
20 
5 
17 
5 
23 
24 
4 
26 
19 
4 
10 
17 
9 
17 
4 
26 
22 
14 
10 
28 
22 
19 
17 
22 
13 
13 
28 
11 
1 
27 
17 
13 
27 
24 
8 
25 
7 
1 
1 
23 
29 
21 
