18 
24 
26 
5 
19 
3 
0 
18 
25 
17 
10 
29 
22 
25 
2 
12 
14 
25 
5 
9 
0 
14 
3 
12 
5 
13 
21 
7 
12 
16 
0 
9 
24 
25 
13 
10 
20 
8 
20 
19 
17 
9 
6 
0 
6 
19 
8 
22 
13 
18 
5 
5 
18 
22 
18 
28 
13 
29 
4 
0 
26 
9 
22 
4 
29 
1 
20 
7 
22 
17 
13 
9 
6 
23 
0 
11 
27 
4 
21 
29 
2 
9 
10 
18 
26 
19 
8 
17 
5 
2 
15 
12 
22 
22 
23 
23 
10 
12 
19 
23 
12 
1 
16 
8 
5 
7 
22 
24 
8 
26 
20 
29 
4 
29 
17 
23 
20 
4 
20 
28 
7 
1 
2 
20 
3 
5 
6 
26 
26 
24 
27 
27 
6 
6 
5 
7 
5 
0 
17 
24 
21 
5 
2 
12 
27 
24 
5 
28 
15 
20 
1 
15 
5 
16 
8 
21 
24 
14 
5 
30 
7 
16 
24 
6 
2 
15 
23 
19 
20 
7 
4 
2 
16 
7 
11 
7 
29 
5 
17 
15 
16 
7 
3 
15 
4 
13 
8 
21 
12 
25 
9 
18 
10 
3 
23 
9 
3 
24 
3 
19 
4 
0 
12 
1 
5 
4 
1 
4 
21 
15 
9 
7 
3 
25 
24 
17 
7 
25 
0 
9 
6 
1 
3 
8 
23 
3 
1 
17 
16 
2 
24 
23 
23 
30 
13 
0 
20 
2 
1 
16 
17 
4 
2 
5 
17 
24 
18 
7 
1 
26 
21 
0 
17 
26 
23 
7 
0 
10 
14 
23 
19 
9 
30 
19 
21 
13 
16 
26 
24 
24 
23 
19 
4 
12 
2 
0 
4 
28 
7 
3 
1 
9 
13 
17 
13 
4 
13 
28 
20 
21 
8 
29 
9 
23 
10 
16 
7 
28 
22 
11 
14 
29 
24 
28 
25 
1 
8 
12 
23 
18 
20 
16 
15 
27 
5 
29 
24 
6 
22 
1 
15 
2 
20 
18 
5 
4 
3 
28 
11 
4 
27 
26 
24 
1 
25 
3 
27 
1 
5 
9 
20 
9 
5 
29 
4 
0 
26 
11 
19 
21 
19 
19 
20 
27 
28 
8 
0 
10 
23 
19 
19 
22 
20 
2 
19 
5 
28 
2 
22 
4 
6 
22 
20 
1 
10 
30 
15 
8 
22 
12 
28 
14 
13 
8 
27 
24 
10 
29 
28 
6 
7 
26 
27 
16 
24 
15 
16 
17 
5 
3 
29 
20 
30 
16 
10 
24 
29 
10 
16 
13 
1 
13 
22 
24 
8 
12 
17 
23 
10 
6 
22 
13 
6 
12 
8 
29 
21 
9 
25 
1 
7 
22 
20 
29 
28 
16 
20 
0 
17 
27 
23 
13 
0 
22 
19 
23 
12 
22 
0 
18 
30 
15 
1 
12 
25 
29 
0 
12 
12 
10 
5 
24 
16 
19 
1 
19 
10 
19 
2 
6 
29 
18 
22 
23 
22 
22 
17 
23 
27 
13 
26 
3 
13 
0 
3 
4 
12 
6 
27 
15 
2 
13 
15 
13 
7 
15 
5 
8 
13 
12 
5 
24 
13 
9 
19 
5 
1 
30 
10 
7 
17 
20 
22 
6 
18 
24 
3 
21 
28 
15 
11 
28 
6 
7 
19 
17 
19 
6 
1 
28 
25 
14 
15 
19 
19 
0 
13 
6 
2 
5 
1 
10 
18 
23 
20 
10 
12 
13 
2 
28 
3 
22 
2 
15 
2 
5 
17 
4 
4 
22 
15 
14 
11 
19 
9 
11 
1 
23 
18 
21 
1 
15 
17 
11 
18 
14 
14 
28 
2 
0 
6 
22 
8 
11 
9 
24 
20 
4 
19 
5 
28 
17 
28 
25 
2 
14 
25 
17 
19 
16 
7 
7 
25 
26 
29 
22 
2 
15 
11 
24 
25 
14 
6 
11 
29 
27 
23 
3 
2 
2 
24 
5 
19 
22 
27 
25 
25 
7 
3 
3 
14 
26 
12 
26 
23 
4 
27 
20 
12 
17 
27 
29 
22 
1 
21 
30 
18 
9 
12 
0 
30 
19 
8 
2 
22 
7 
0 
12 
19 
26 
4 
17 
7 
13 
26 
6 
13 
14 
23 
24 
1 
2 
2 
0 
17 
24 
30 
17 
20 
10 
13 
26 
20 
22 
5 
13 
9 
10 
17 
27 
19 
10 
15 
20 
22 
5 
5 
1 
9 
27 
19 
9 
14 
8 
5 
18 
4 
6 
26 
13 
16 
25 
16 
25 
24 
19 
5 
12 
3 
15 
7 
5 
26 
6 
4 
13 
2 
25 
8 
28 
1 
24 
24 
3 
12 
28 
10 
24 
23 
0 
11 
9 
15 
19 
3 
25 
18 
2 
4 
5 
3 
10 
17 
16 
21 
24 
8 
16 
16 
7 
17 
11 
4 
12 
27 
19 
26 
14 
21 
18 
3 
27 
22 
3 
3 
3 
26 
26 
7 
21 
7 
26 
7 
13 
0 
21 
5 
1 
4 
2 
9 
11 
23 
3 
20 
26 
2 
22 
14 
10 
23 
7 
11 
2 
11 
5 
14 
6 
13 
19 
15 
14 
9 
26 
15 
10 
10 
7 
21 
15 
25 
25 
23 
4 
26 
24 
0 
5 
18 
7 
17 
6 
9 
25 
27 
24 
6 
22 
30 
12 
10 
18 
22 
7 
20 
1 
20 
16 
9 
20 
13 
24 
11 
26 
25 
27 
11 
20 
25 
0 
13 
22 
27 
24 
25 
14 
11 
7 
14 
0 
4 
11 
14 
6 
29 
26 
19 
21 
17 
30 
30 
26 
16 
5 
6 
10 
10 
18 
1 
19 
5 
16 
5 
28 
7 
18 
10 
8 
24 
5 
21 
27 
3 
23 
18 
11 
5 
21 
2 
25 
23 
27 
10 
8 
30 
0 
11 
2 
4 
27 
7 
21 
13 
25 
2 
18 
26 
6 
22 
17 
6 
25 
18 
18 
14 
15 
24 
0 
6 
10 
2 
17 
4 
14 
28 
12 
20 
3 
29 
28 
18 
23 
1 
28 
5 
2 
2 
2 
17 
18 
6 
26 
15 
17 
29 
13 
25 
18 
16 
22 
6 
20 
16 
9 
0 
12 
11 
16 
20 
15 
4 
8 
15 
10 
0 
8 
21 
25 
13 
30 
19 
1 
5 
4 
9 
19 
18 
29 
24 
19 
20 
6 
29 
28 
30 
22 
17 
8 
9 
18 
30 
0 
11 
16 
27 
23 
1 
17 
16 
5 
8 
29 
13 
1 
5 
12 
26 
30 
30 
3 
18 
15 
23 
13 
15 
19 
17 
25 
0 
20 
6 
4 
30 
20 
23 
20 
10 
21 
29 
3 
17 
11 
15 
9 
0 
29 
4 
19 
28 
8 
28 
10 
27 
24 
12 
5 
21 
6 
25 
24 
6 
11 
27 
12 
12 
16 
21 
4 
20 
28 
8 
19 
6 
3 
25 
1 
18 
17 
25 
8 
3 
14 
9 
17 
24 
9 
3 
11 
16 
18 
17 
12 
6 
2 
30 
2 
7 
22 
3 
1 
30 
11 
25 
11 
9 
6 
2 
7 
9 
10 
1 
7 
20 
10 
19 
27 
13 
20 
0 
24 
19 
2 
2 
16 
2 
16 
0 
4 
18 
27 
30 
7 
19 
26 
9 
2 
20 
8 
18 
6 
27 
19 
24 
1 
15 
10 
30 
16 
20 
13 
21 
1 
26 
15 
15 
9 
13 
27 
2 
21 
18 
10 
0 
25 
17 
23 
17 
10 
26 
21 
9 
2 
10 
9 
1 
10 
27 
26 
11 
5 
19 
30 
8 
12 
3 
19 
11 
14 
25 
3 
