0 
19 
28 
1 
11 
24 
11 
14 
5 
22 
6 
24 
12 
10 
13 
0 
21 
2 
3 
28 
8 
15 
23 
13 
15 
0 
0 
29 
14 
21 
18 
29 
27 
19 
23 
1 
12 
25 
29 
7 
24 
27 
5 
24 
22 
24 
28 
9 
18 
9 
5 
13 
10 
9 
20 
2 
24 
25 
15 
14 
21 
6 
6 
12 
20 
2 
5 
14 
11 
23 
15 
16 
6 
25 
24 
5 
12 
20 
15 
3 
13 
8 
6 
5 
14 
13 
25 
19 
17 
25 
4 
11 
12 
13 
17 
30 
6 
23 
21 
8 
24 
5 
6 
4 
24 
13 
12 
23 
23 
9 
1 
19 
25 
10 
30 
16 
0 
21 
1 
0 
20 
11 
3 
22 
12 
11 
21 
23 
25 
13 
18 
2 
25 
27 
0 
21 
1 
8 
18 
13 
24 
16 
6 
19 
26 
19 
7 
8 
14 
27 
10 
4 
16 
0 
30 
26 
15 
4 
2 
12 
28 
11 
0 
23 
22 
7 
29 
18 
18 
18 
11 
4 
15 
0 
22 
29 
15 
6 
7 
26 
18 
17 
6 
20 
24 
5 
21 
9 
4 
11 
11 
27 
6 
30 
11 
23 
30 
10 
4 
24 
18 
19 
13 
14 
2 
25 
1 
10 
28 
4 
11 
17 
16 
18 
14 
2 
27 
12 
5 
7 
11 
15 
15 
15 
25 
19 
14 
16 
11 
13 
15 
26 
20 
0 
27 
3 
16 
19 
10 
21 
8 
20 
13 
1 
5 
19 
24 
21 
21 
25 
27 
8 
29 
11 
27 
28 
28 
21 
0 
1 
25 
2 
8 
15 
1 
27 
3 
16 
21 
13 
24 
18 
24 
27 
17 
7 
10 
4 
29 
7 
5 
9 
2 
25 
19 
11 
19 
15 
24 
4 
8 
15 
12 
27 
27 
20 
25 
28 
15 
8 
24 
28 
28 
1 
0 
22 
27 
0 
29 
13 
5 
14 
25 
22 
29 
29 
18 
17 
2 
13 
23 
12 
17 
23 
28 
30 
16 
29 
30 
9 
18 
14 
12 
15 
7 
5 
22 
23 
28 
18 
10 
15 
12 
2 
23 
21 
8 
0 
16 
8 
29 
2 
16 
8 
2 
2 
8 
14 
20 
0 
14 
27 
11 
4 
9 
21 
8 
30 
3 
9 
6 
13 
23 
2 
2 
19 
8 
12 
27 
18 
19 
3 
28 
28 
1 
2 
28 
24 
19 
28 
10 
4 
17 
23 
23 
15 
14 
30 
2 
10 
12 
29 
26 
23 
24 
17 
7 
18 
22 
13 
24 
12 
12 
19 
7 
10 
29 
7 
20 
27 
10 
8 
9 
8 
27 
24 
17 
0 
22 
21 
19 
6 
14 
12 
29 
14 
25 
20 
20 
23 
18 
29 
25 
16 
17 
13 
24 
18 
24 
8 
5 
0 
21 
16 
1 
19 
16 
6 
6 
13 
25 
18 
13 
28 
18 
17 
17 
12 
26 
29 
1 
16 
21 
11 
25 
16 
21 
16 
23 
17 
7 
27 
20 
28 
6 
18 
22 
16 
7 
27 
11 
4 
19 
21 
18 
18 
22 
25 
17 
5 
2 
26 
16 
13 
8 
14 
9 
0 
29 
26 
16 
1 
16 
8 
20 
1 
29 
18 
17 
1 
28 
3 
6 
10 
11 
28 
5 
5 
23 
14 
15 
19 
25 
20 
9 
6 
30 
30 
27 
18 
0 
20 
25 
17 
26 
11 
30 
15 
17 
3 
19 
28 
11 
1 
14 
26 
26 
17 
11 
14 
26 
8 
23 
27 
12 
6 
6 
13 
22 
10 
22 
18 
17 
30 
22 
29 
5 
14 
10 
28 
7 
8 
13 
2 
22 
26 
24 
13 
5 
24 
5 
2 
14 
4 
4 
3 
10 
6 
6 
21 
2 
13 
25 
15 
19 
14 
2 
30 
1 
2 
3 
23 
10 
24 
26 
18 
1 
12 
5 
29 
16 
26 
6 
19 
26 
11 
4 
8 
3 
12 
1 
26 
11 
29 
8 
29 
3 
14 
20 
4 
28 
9 
20 
3 
2 
29 
21 
27 
8 
23 
27 
29 
26 
7 
8 
8 
9 
26 
9 
6 
23 
17 
29 
25 
2 
10 
14 
9 
3 
20 
10 
22 
5 
19 
15 
18 
16 
21 
27 
21 
19 
3 
8 
2 
21 
24 
24 
24 
7 
22 
25 
7 
12 
18 
25 
17 
8 
26 
12 
0 
24 
24 
21 
20 
9 
11 
11 
14 
0 
22 
21 
25 
17 
17 
30 
3 
21 
4 
21 
9 
1 
11 
13 
26 
14 
29 
14 
21 
13 
3 
11 
1 
17 
7 
9 
3 
7 
15 
29 
4 
12 
10 
2 
4 
14 
23 
29 
2 
7 
26 
26 
29 
26 
7 
14 
29 
28 
7 
5 
22 
21 
28 
20 
9 
5 
14 
16 
7 
3 
10 
16 
10 
16 
30 
27 
23 
1 
22 
23 
23 
3 
21 
5 
1 
27 
21 
30 
10 
19 
19 
20 
7 
25 
18 
1 
7 
5 
22 
22 
10 
9 
26 
21 
29 
24 
0 
5 
29 
14 
9 
29 
23 
7 
1 
27 
22 
13 
29 
15 
27 
25 
21 
22 
7 
14 
19 
0 
14 
10 
16 
27 
10 
7 
9 
7 
23 
20 
24 
4 
29 
26 
1 
27 
9 
27 
10 
11 
27 
8 
7 
10 
22 
15 
16 
16 
26 
28 
28 
3 
7 
10 
8 
9 
6 
2 
19 
4 
15 
8 
28 
10 
16 
21 
26 
28 
16 
18 
6 
10 
22 
9 
24 
26 
26 
5 
13 
12 
5 
1 
3 
19 
27 
28 
1 
26 
0 
28 
19 
11 
19 
15 
10 
23 
17 
18 
23 
20 
23 
13 
22 
23 
17 
26 
11 
30 
14 
19 
13 
8 
11 
9 
30 
0 
4 
30 
0 
12 
21 
27 
7 
5 
3 
4 
16 
2 
9 
5 
7 
15 
13 
8 
5 
17 
13 
17 
20 
1 
9 
15 
3 
19 
1 
4 
9 
0 
27 
9 
2 
21 
2 
24 
9 
10 
2 
19 
22 
1 
3 
19 
27 
20 
1 
27 
13 
20 
4 
0 
1 
5 
7 
6 
18 
29 
15 
26 
24 
4 
27 
8 
10 
27 
20 
24 
5 
4 
11 
14 
9 
7 
11 
20 
12 
17 
17 
29 
2 
7 
27 
19 
7 
28 
23 
26 
0 
13 
9 
8 
15 
7 
8 
20 
22 
15 
1 
1 
27 
19 
11 
12 
22 
25 
0 
16 
26 
0 
1 
8 
1 
21 
20 
17 
28 
2 
16 
9 
11 
30 
7 
16 
11 
28 
15 
12 
23 
5 
5 
21 
2 
17 
0 
4 
16 
26 
11 
22 
26 
27 
10 
18 
22 
28 
1 
30 
10 
18 
10 
19 
29 
0 
11 
17 
15 
6 
17 
26 
20 
12 
17 
22 
4 
10 
30 
30 
29 
28 
28 
13 
13 
4 
23 
21 
18 
22 
25 
25 
14 
0 
24 
0 
23 
15 
30 
17 
4 
6 
4 
4 
26 
13 
8 
26 
17 
12 
24 
15 
22 
25 
22 
0 
12 
24 
29 
20 
27 
10 
0 
22 
3 
5 
8 
