23 
4 
22 
14 
0 
8 
24 
0 
22 
13 
27 
13 
17 
13 
27 
14 
26 
8 
7 
20 
1 
14 
6 
11 
26 
24 
10 
5 
5 
25 
18 
10 
25 
11 
16 
0 
6 
20 
28 
2 
3 
21 
4 
7 
7 
8 
0 
30 
29 
10 
23 
13 
4 
1 
20 
21 
13 
13 
11 
30 
8 
24 
15 
12 
6 
16 
0 
20 
4 
2 
24 
25 
26 
16 
30 
21 
9 
14 
5 
19 
30 
18 
25 
19 
22 
13 
18 
9 
12 
30 
19 
3 
7 
3 
26 
20 
13 
20 
21 
2 
28 
8 
30 
21 
29 
2 
17 
3 
25 
3 
19 
11 
6 
27 
19 
8 
23 
23 
19 
6 
24 
14 
23 
27 
12 
6 
28 
0 
20 
12 
15 
7 
5 
3 
17 
11 
13 
26 
22 
28 
0 
27 
21 
28 
30 
12 
1 
29 
22 
29 
18 
4 
12 
26 
7 
6 
6 
18 
4 
1 
28 
8 
23 
17 
18 
19 
30 
29 
0 
1 
20 
10 
17 
11 
23 
12 
5 
12 
2 
12 
27 
14 
8 
2 
5 
14 
6 
2 
10 
17 
0 
8 
20 
25 
30 
21 
23 
2 
30 
27 
16 
21 
23 
18 
10 
26 
29 
12 
13 
9 
16 
1 
2 
17 
5 
20 
21 
5 
20 
4 
24 
0 
27 
28 
5 
30 
16 
20 
0 
11 
1 
2 
27 
27 
15 
28 
22 
12 
25 
1 
4 
0 
20 
1 
28 
22 
5 
25 
1 
16 
12 
24 
1 
0 
23 
4 
0 
20 
18 
28 
2 
27 
1 
4 
24 
6 
0 
13 
11 
18 
15 
7 
19 
30 
22 
16 
5 
5 
11 
5 
29 
8 
16 
17 
14 
5 
2 
19 
9 
17 
9 
8 
21 
16 
24 
14 
9 
12 
4 
30 
19 
22 
11 
16 
14 
2 
11 
18 
24 
2 
5 
19 
22 
17 
3 
2 
24 
24 
10 
2 
25 
18 
30 
12 
20 
18 
7 
19 
12 
16 
18 
21 
10 
4 
22 
19 
13 
12 
16 
21 
11 
15 
28 
20 
18 
20 
18 
6 
15 
18 
23 
4 
30 
14 
7 
7 
29 
6 
28 
21 
3 
12 
4 
0 
5 
24 
21 
23 
14 
14 
2 
29 
21 
30 
14 
17 
18 
10 
23 
7 
5 
7 
26 
5 
6 
0 
9 
24 
30 
5 
22 
5 
5 
11 
27 
23 
11 
10 
3 
2 
8 
11 
5 
30 
18 
1 
24 
2 
27 
5 
0 
4 
16 
8 
0 
10 
25 
7 
27 
1 
26 
11 
14 
1 
19 
12 
27 
12 
2 
25 
19 
3 
17 
6 
22 
9 
20 
26 
5 
4 
30 
24 
13 
30 
29 
1 
21 
8 
3 
25 
17 
19 
25 
23 
26 
8 
15 
15 
22 
8 
17 
14 
12 
2 
22 
4 
7 
29 
27 
25 
16 
26 
3 
26 
26 
14 
30 
2 
1 
26 
23 
21 
19 
29 
25 
19 
2 
14 
20 
0 
10 
16 
19 
2 
30 
16 
17 
15 
21 
16 
18 
13 
22 
11 
14 
27 
1 
7 
13 
9 
1 
13 
25 
2 
1 
3 
3 
1 
22 
27 
9 
27 
20 
18 
16 
0 
17 
10 
18 
5 
9 
2 
2 
0 
27 
28 
23 
11 
21 
0 
30 
20 
8 
11 
6 
16 
5 
25 
19 
12 
17 
5 
10 
17 
3 
14 
29 
24 
9 
20 
29 
8 
4 
11 
25 
23 
30 
5 
15 
5 
24 
29 
13 
16 
7 
15 
5 
26 
11 
2 
18 
18 
8 
26 
25 
15 
19 
16 
1 
27 
10 
6 
17 
0 
20 
19 
28 
21 
20 
26 
12 
25 
5 
1 
20 
12 
20 
15 
4 
10 
2 
9 
14 
11 
20 
15 
24 
20 
17 
16 
10 
4 
21 
22 
11 
14 
2 
12 
21 
14 
17 
18 
21 
10 
3 
20 
16 
22 
1 
6 
6 
16 
1 
23 
14 
25 
2 
24 
12 
6 
10 
30 
11 
11 
24 
15 
6 
11 
21 
9 
20 
11 
17 
15 
18 
21 
11 
24 
1 
20 
24 
0 
3 
15 
8 
0 
25 
11 
20 
4 
13 
16 
3 
0 
25 
29 
15 
8 
3 
22 
10 
3 
3 
7 
24 
19 
4 
9 
15 
3 
3 
29 
20 
20 
24 
18 
30 
24 
6 
30 
7 
19 
20 
22 
13 
20 
12 
25 
9 
30 
5 
27 
8 
27 
22 
25 
24 
21 
4 
24 
28 
10 
2 
14 
28 
28 
3 
26 
26 
6 
27 
14 
27 
12 
5 
6 
16 
18 
11 
16 
9 
25 
0 
13 
0 
0 
11 
20 
13 
3 
4 
7 
15 
24 
15 
16 
22 
27 
24 
0 
26 
6 
8 
9 
4 
11 
17 
5 
23 
13 
17 
4 
22 
0 
29 
26 
24 
9 
25 
22 
29 
13 
3 
19 
5 
28 
11 
12 
0 
20 
9 
11 
17 
3 
30 
1 
17 
10 
16 
21 
12 
11 
5 
5 
9 
22 
4 
6 
24 
20 
20 
0 
25 
18 
28 
11 
21 
6 
21 
9 
27 
2 
3 
5 
10 
2 
3 
18 
26 
9 
11 
22 
23 
14 
11 
19 
27 
8 
15 
11 
23 
27 
4 
5 
24 
14 
24 
25 
0 
18 
8 
17 
0 
25 
17 
14 
13 
27 
9 
13 
5 
17 
22 
1 
20 
22 
15 
3 
23 
6 
13 
14 
0 
5 
23 
14 
23 
27 
9 
5 
6 
27 
14 
18 
30 
30 
0 
8 
1 
0 
12 
24 
29 
30 
26 
29 
30 
19 
20 
0 
24 
20 
30 
19 
3 
10 
0 
5 
4 
25 
8 
27 
19 
19 
27 
8 
16 
13 
5 
18 
27 
19 
30 
25 
21 
6 
21 
8 
2 
19 
17 
8 
15 
17 
25 
30 
9 
15 
23 
15 
1 
23 
12 
4 
26 
20 
7 
29 
14 
7 
21 
30 
15 
9 
1 
3 
23 
28 
3 
21 
16 
7 
17 
1 
3 
20 
26 
17 
5 
26 
22 
3 
27 
9 
20 
13 
29 
23 
24 
8 
19 
1 
1 
6 
28 
4 
26 
28 
20 
12 
20 
11 
9 
0 
5 
13 
24 
26 
4 
17 
18 
24 
16 
30 
6 
3 
6 
8 
14 
19 
28 
26 
21 
21 
7 
23 
26 
0 
0 
11 
25 
9 
19 
5 
22 
21 
28 
17 
26 
18 
29 
17 
16 
16 
5 
30 
3 
29 
22 
9 
13 
2 
5 
4 
1 
26 
26 
1 
16 
19 
8 
23 
8 
6 
12 
2 
16 
12 
3 
2 
24 
22 
4 
22 
17 
7 
10 
24 
19 
6 
