4 
8 
22 
29 
17 
1 
25 
7 
28 
18 
25 
18 
7 
17 
12 
22 
17 
3 
3 
28 
3 
24 
29 
26 
8 
21 
6 
8 
28 
26 
3 
24 
26 
8 
28 
19 
24 
24 
6 
9 
6 
13 
5 
6 
13 
9 
23 
22 
12 
27 
3 
22 
17 
30 
24 
28 
16 
30 
20 
9 
18 
19 
13 
29 
2 
8 
26 
22 
22 
8 
19 
2 
27 
25 
29 
19 
13 
29 
2 
17 
13 
18 
10 
9 
18 
11 
5 
12 
7 
26 
12 
30 
28 
4 
2 
6 
8 
24 
23 
29 
0 
21 
22 
14 
9 
1 
19 
19 
5 
20 
9 
14 
15 
29 
8 
20 
4 
5 
29 
27 
1 
6 
11 
4 
14 
3 
24 
18 
1 
16 
14 
21 
18 
0 
22 
4 
4 
24 
1 
20 
26 
25 
1 
17 
29 
15 
12 
1 
22 
16 
1 
27 
17 
11 
5 
6 
8 
2 
13 
14 
27 
10 
14 
20 
25 
7 
28 
23 
4 
30 
25 
16 
10 
13 
1 
22 
11 
17 
25 
4 
23 
17 
23 
12 
6 
7 
30 
11 
21 
19 
6 
22 
30 
27 
11 
30 
7 
19 
0 
9 
19 
14 
16 
30 
25 
1 
0 
8 
7 
5 
9 
23 
11 
10 
14 
10 
29 
9 
10 
7 
6 
2 
12 
0 
16 
25 
13 
25 
15 
8 
23 
5 
5 
22 
1 
23 
22 
27 
24 
10 
10 
30 
19 
22 
26 
2 
19 
17 
4 
18 
17 
29 
11 
30 
9 
13 
4 
25 
0 
28 
6 
17 
19 
10 
9 
12 
16 
19 
3 
9 
12 
4 
4 
25 
2 
3 
11 
25 
0 
16 
7 
10 
11 
6 
11 
18 
18 
25 
16 
27 
0 
21 
11 
4 
14 
1 
30 
24 
6 
26 
9 
24 
7 
3 
12 
22 
19 
21 
21 
23 
12 
25 
15 
21 
17 
20 
15 
18 
7 
22 
4 
22 
24 
23 
1 
23 
13 
20 
9 
27 
18 
25 
4 
12 
17 
19 
6 
5 
27 
0 
18 
0 
25 
9 
11 
13 
3 
26 
15 
22 
22 
22 
17 
24 
12 
17 
27 
23 
9 
15 
2 
2 
10 
3 
2 
29 
22 
2 
3 
21 
29 
3 
12 
9 
4 
20 
19 
10 
11 
4 
13 
6 
0 
1 
18 
22 
29 
29 
28 
0 
14 
3 
26 
6 
13 
27 
24 
8 
12 
16 
4 
6 
2 
11 
5 
20 
2 
7 
23 
12 
30 
0 
20 
27 
11 
8 
5 
30 
11 
21 
3 
21 
22 
11 
3 
16 
15 
19 
16 
19 
27 
23 
2 
15 
11 
12 
16 
9 
23 
19 
12 
26 
9 
16 
4 
28 
29 
6 
5 
3 
19 
26 
9 
22 
22 
18 
18 
14 
0 
10 
4 
27 
5 
1 
9 
1 
6 
5 
5 
27 
23 
30 
25 
23 
12 
18 
1 
22 
22 
11 
25 
27 
23 
3 
0 
15 
28 
11 
13 
15 
25 
23 
1 
14 
28 
13 
15 
18 
28 
18 
12 
27 
15 
22 
1 
15 
21 
11 
7 
17 
9 
14 
19 
0 
10 
4 
24 
7 
14 
23 
29 
2 
23 
30 
10 
5 
10 
23 
14 
13 
24 
16 
10 
16 
7 
25 
12 
14 
15 
4 
7 
24 
1 
7 
30 
2 
17 
0 
23 
4 
2 
10 
22 
30 
10 
24 
14 
13 
20 
6 
3 
27 
16 
27 
26 
4 
7 
27 
24 
4 
30 
27 
2 
2 
9 
29 
22 
24 
26 
10 
13 
30 
12 
28 
23 
18 
9 
16 
25 
1 
10 
1 
17 
30 
4 
19 
4 
1 
3 
5 
7 
8 
17 
6 
6 
10 
23 
29 
3 
9 
30 
21 
0 
0 
26 
23 
18 
5 
27 
30 
21 
3 
29 
29 
0 
30 
20 
28 
30 
4 
0 
20 
7 
23 
20 
10 
18 
29 
29 
10 
8 
4 
7 
9 
9 
19 
10 
23 
20 
18 
25 
14 
7 
9 
15 
29 
16 
26 
4 
1 
21 
4 
20 
22 
24 
20 
2 
30 
22 
5 
18 
12 
12 
22 
4 
27 
2 
18 
19 
17 
27 
8 
15 
1 
4 
4 
0 
6 
2 
19 
6 
12 
20 
21 
20 
21 
7 
8 
7 
20 
10 
8 
28 
0 
23 
25 
15 
16 
28 
13 
25 
2 
18 
26 
21 
3 
14 
6 
2 
12 
2 
10 
9 
21 
12 
3 
26 
18 
4 
15 
1 
8 
3 
28 
11 
13 
12 
19 
16 
9 
17 
6 
11 
26 
1 
9 
21 
30 
27 
30 
25 
12 
10 
20 
20 
1 
12 
8 
11 
3 
3 
0 
27 
4 
9 
24 
12 
1 
5 
1 
28 
10 
5 
14 
27 
14 
7 
5 
0 
3 
30 
9 
2 
18 
26 
12 
10 
26 
5 
6 
26 
15 
0 
14 
28 
24 
2 
30 
4 
26 
16 
18 
24 
23 
26 
20 
23 
29 
10 
20 
27 
19 
14 
14 
11 
3 
13 
12 
21 
11 
27 
7 
12 
1 
2 
7 
23 
1 
3 
8 
29 
4 
8 
7 
30 
5 
1 
15 
7 
27 
12 
23 
13 
12 
16 
7 
27 
25 
15 
6 
29 
7 
23 
2 
19 
6 
10 
4 
24 
7 
7 
17 
17 
12 
28 
18 
4 
10 
6 
6 
2 
19 
6 
17 
9 
20 
12 
3 
5 
19 
14 
25 
27 
13 
21 
30 
2 
25 
24 
21 
20 
11 
10 
6 
3 
11 
15 
14 
3 
18 
22 
9 
4 
25 
12 
4 
0 
21 
27 
30 
1 
22 
15 
24 
22 
1 
8 
30 
20 
22 
14 
14 
30 
26 
14 
24 
0 
26 
7 
19 
12 
8 
5 
22 
12 
14 
21 
26 
15 
24 
2 
14 
11 
4 
7 
14 
11 
30 
17 
14 
10 
2 
16 
0 
16 
25 
29 
22 
8 
4 
12 
21 
29 
11 
5 
16 
20 
1 
30 
14 
7 
28 
11 
5 
29 
9 
28 
5 
19 
21 
8 
6 
24 
26 
3 
17 
11 
25 
14 
23 
3 
14 
26 
7 
1 
19 
22 
24 
20 
9 
13 
0 
10 
25 
10 
12 
17 
14 
30 
3 
20 
4 
0 
23 
24 
11 
20 
4 
18 
25 
