12 
19 
4 
4 
14 
13 
9 
27 
20 
22 
9 
30 
29 
3 
22 
12 
0 
1 
18 
13 
23 
16 
29 
19 
11 
1 
2 
24 
3 
30 
15 
27 
15 
15 
19 
30 
28 
14 
24 
18 
23 
20 
12 
1 
19 
29 
15 
18 
3 
11 
23 
6 
8 
28 
14 
13 
5 
15 
3 
13 
16 
15 
21 
27 
23 
7 
14 
26 
18 
14 
24 
19 
14 
1 
8 
25 
16 
29 
13 
19 
23 
22 
2 
8 
26 
27 
0 
10 
25 
11 
7 
30 
10 
23 
23 
6 
0 
3 
4 
4 
22 
15 
5 
14 
4 
3 
6 
28 
7 
19 
26 
26 
10 
30 
24 
19 
28 
25 
16 
18 
24 
7 
4 
5 
15 
27 
25 
20 
6 
23 
7 
15 
15 
6 
20 
22 
8 
0 
27 
22 
24 
21 
5 
27 
25 
7 
5 
27 
22 
19 
8 
3 
6 
11 
26 
26 
22 
28 
23 
14 
4 
18 
30 
27 
8 
25 
1 
25 
1 
8 
15 
28 
6 
6 
15 
1 
26 
24 
28 
11 
0 
29 
24 
26 
27 
19 
17 
3 
27 
22 
28 
0 
21 
5 
6 
8 
16 
6 
10 
0 
27 
16 
1 
0 
7 
16 
23 
22 
11 
24 
10 
3 
22 
20 
30 
8 
13 
2 
16 
22 
25 
2 
6 
3 
13 
24 
0 
11 
23 
5 
16 
3 
5 
21 
20 
19 
24 
17 
1 
16 
29 
0 
11 
14 
2 
7 
1 
9 
15 
9 
21 
5 
26 
0 
7 
21 
15 
19 
6 
28 
27 
5 
5 
7 
17 
16 
3 
4 
25 
1 
5 
21 
1 
11 
5 
17 
12 
23 
15 
21 
4 
19 
4 
14 
2 
12 
25 
4 
15 
5 
24 
28 
4 
0 
23 
10 
18 
26 
6 
8 
27 
3 
30 
19 
9 
25 
8 
10 
4 
27 
20 
2 
10 
12 
30 
25 
1 
0 
26 
12 
28 
29 
26 
21 
27 
10 
30 
5 
25 
3 
10 
28 
2 
15 
8 
22 
6 
2 
2 
27 
16 
30 
8 
16 
0 
19 
16 
3 
6 
28 
3 
26 
19 
28 
21 
20 
23 
9 
26 
6 
2 
24 
22 
5 
25 
22 
12 
4 
8 
7 
4 
3 
23 
20 
18 
18 
19 
13 
25 
26 
20 
2 
22 
1 
20 
20 
1 
29 
5 
0 
30 
2 
20 
9 
15 
19 
28 
6 
22 
28 
29 
2 
0 
26 
0 
22 
21 
4 
20 
6 
0 
2 
8 
15 
10 
10 
27 
11 
22 
9 
5 
9 
2 
7 
12 
9 
0 
28 
26 
6 
20 
4 
4 
25 
1 
12 
25 
1 
12 
13 
14 
18 
23 
28 
17 
28 
19 
12 
28 
25 
1 
30 
17 
18 
12 
25 
22 
27 
4 
25 
6 
17 
25 
21 
22 
28 
23 
17 
27 
1 
18 
15 
8 
18 
11 
14 
18 
11 
7 
27 
6 
27 
4 
25 
0 
13 
21 
7 
18 
24 
14 
10 
21 
13 
30 
16 
24 
12 
16 
12 
27 
28 
20 
2 
12 
23 
29 
2 
27 
28 
11 
17 
11 
1 
6 
2 
1 
24 
21 
16 
0 
4 
9 
29 
3 
28 
30 
0 
29 
9 
12 
6 
23 
22 
24 
17 
8 
23 
5 
28 
29 
8 
5 
29 
5 
30 
0 
9 
3 
24 
19 
7 
18 
11 
28 
23 
17 
12 
5 
27 
25 
29 
15 
3 
24 
24 
23 
18 
2 
20 
14 
16 
24 
6 
9 
9 
8 
18 
13 
24 
1 
4 
0 
14 
10 
7 
10 
1 
30 
11 
11 
1 
14 
2 
30 
3 
17 
22 
0 
26 
19 
6 
2 
27 
13 
16 
2 
17 
30 
0 
28 
6 
7 
16 
26 
24 
0 
29 
4 
18 
30 
25 
6 
16 
21 
16 
5 
6 
16 
24 
6 
29 
0 
30 
0 
9 
19 
23 
20 
15 
14 
6 
24 
2 
18 
13 
10 
21 
3 
0 
27 
8 
18 
8 
13 
26 
25 
30 
30 
3 
11 
30 
10 
6 
7 
15 
22 
9 
0 
8 
16 
24 
21 
11 
27 
30 
18 
23 
29 
26 
0 
6 
21 
12 
2 
25 
17 
28 
6 
18 
3 
0 
29 
23 
6 
19 
23 
11 
13 
2 
6 
20 
7 
2 
4 
13 
15 
17 
27 
15 
23 
5 
15 
15 
1 
3 
9 
0 
27 
11 
7 
15 
16 
18 
0 
23 
23 
0 
23 
20 
4 
25 
8 
13 
5 
9 
20 
19 
28 
19 
11 
18 
20 
9 
23 
0 
30 
19 
28 
27 
7 
12 
27 
14 
15 
9 
10 
1 
2 
21 
14 
26 
12 
8 
7 
0 
16 
0 
6 
16 
22 
6 
30 
16 
22 
28 
25 
13 
2 
3 
22 
25 
11 
23 
5 
22 
25 
26 
11 
30 
12 
22 
29 
0 
24 
15 
9 
18 
13 
8 
26 
10 
26 
5 
8 
17 
8 
25 
6 
19 
3 
4 
22 
19 
12 
26 
30 
2 
19 
9 
7 
8 
28 
18 
23 
23 
30 
25 
24 
12 
24 
12 
0 
9 
19 
8 
10 
11 
25 
26 
7 
23 
2 
11 
25 
17 
27 
8 
4 
10 
5 
1 
12 
0 
1 
29 
2 
12 
17 
19 
5 
9 
5 
8 
28 
10 
29 
8 
18 
2 
0 
6 
11 
21 
15 
11 
30 
4 
2 
7 
10 
14 
28 
14 
19 
8 
25 
6 
15 
20 
12 
11 
22 
14 
28 
0 
27 
13 
28 
7 
21 
7 
22 
4 
26 
13 
13 
24 
7 
30 
13 
24 
17 
27 
6 
18 
14 
19 
19 
8 
25 
6 
21 
0 
2 
23 
17 
30 
22 
5 
28 
17 
14 
26 
12 
23 
9 
5 
22 
28 
1 
26 
2 
11 
22 
0 
3 
10 
14 
28 
19 
5 
15 
27 
28 
11 
11 
19 
22 
2 
