16 
16 
0 
28 
17 
20 
2 
18 
19 
18 
11 
4 
26 
29 
6 
21 
22 
5 
30 
20 
6 
7 
1 
3 
3 
25 
26 
4 
23 
24 
8 
2 
25 
30 
6 
18 
18 
9 
12 
5 
5 
2 
24 
2 
16 
20 
30 
6 
24 
20 
24 
14 
18 
10 
15 
13 
24 
0 
16 
2 
26 
16 
1 
24 
0 
26 
15 
15 
0 
16 
22 
0 
11 
21 
30 
2 
19 
1 
23 
11 
9 
22 
10 
3 
20 
4 
22 
4 
10 
25 
22 
5 
8 
9 
30 
9 
27 
27 
19 
22 
26 
25 
0 
5 
16 
27 
29 
3 
23 
2 
4 
9 
29 
26 
22 
3 
21 
1 
16 
2 
14 
27 
19 
29 
18 
25 
7 
9 
22 
21 
0 
9 
7 
27 
5 
11 
8 
20 
22 
9 
30 
19 
13 
27 
26 
25 
5 
1 
27 
19 
3 
29 
4 
27 
21 
21 
28 
1 
7 
9 
17 
30 
10 
2 
29 
19 
26 
7 
12 
13 
1 
12 
29 
26 
10 
25 
0 
25 
5 
11 
10 
26 
18 
19 
2 
10 
4 
15 
3 
12 
15 
17 
30 
18 
19 
10 
4 
6 
1 
5 
1 
27 
14 
0 
13 
8 
27 
11 
14 
26 
29 
16 
9 
27 
27 
8 
3 
7 
9 
1 
13 
28 
2 
2 
6 
19 
26 
6 
14 
12 
2 
7 
17 
9 
30 
7 
3 
12 
22 
12 
7 
27 
29 
0 
27 
22 
23 
4 
9 
24 
20 
15 
29 
1 
1 
15 
1 
4 
15 
9 
15 
13 
16 
23 
9 
1 
19 
21 
13 
9 
5 
16 
27 
6 
19 
27 
24 
19 
10 
26 
7 
26 
24 
28 
16 
30 
15 
3 
27 
24 
11 
20 
30 
0 
13 
21 
11 
9 
30 
0 
21 
23 
30 
17 
18 
10 
3 
13 
7 
24 
19 
19 
23 
23 
13 
3 
14 
23 
13 
21 
8 
11 
29 
5 
27 
25 
24 
17 
12 
30 
2 
3 
21 
14 
18 
21 
25 
12 
4 
16 
2 
16 
30 
25 
17 
1 
29 
3 
9 
22 
12 
5 
10 
23 
22 
11 
24 
7 
30 
13 
30 
23 
0 
21 
30 
7 
18 
12 
28 
18 
5 
28 
12 
5 
16 
1 
4 
20 
3 
20 
23 
29 
28 
24 
11 
1 
19 
4 
1 
28 
9 
1 
19 
19 
8 
1 
29 
20 
5 
22 
23 
10 
12 
26 
14 
28 
7 
7 
26 
24 
18 
22 
24 
19 
4 
20 
24 
17 
19 
9 
28 
3 
26 
30 
9 
24 
23 
24 
2 
1 
8 
2 
6 
21 
9 
25 
24 
16 
4 
10 
16 
8 
13 
24 
20 
20 
10 
10 
14 
20 
30 
26 
4 
16 
7 
12 
2 
30 
11 
13 
16 
3 
17 
6 
28 
30 
19 
1 
25 
2 
19 
11 
19 
4 
8 
1 
17 
19 
19 
7 
8 
11 
18 
17 
13 
1 
18 
10 
2 
27 
0 
1 
2 
23 
5 
25 
5 
22 
0 
25 
16 
11 
1 
17 
3 
19 
3 
9 
23 
14 
19 
14 
7 
4 
24 
0 
10 
16 
12 
6 
12 
16 
20 
20 
27 
10 
29 
3 
25 
28 
4 
12 
20 
17 
5 
4 
27 
27 
28 
23 
21 
29 
13 
9 
13 
28 
27 
18 
2 
8 
22 
15 
20 
17 
8 
11 
30 
5 
11 
23 
25 
24 
22 
10 
12 
1 
18 
14 
29 
21 
10 
4 
5 
13 
9 
23 
13 
7 
6 
27 
5 
21 
16 
21 
5 
16 
15 
5 
26 
28 
20 
3 
17 
19 
6 
24 
0 
9 
7 
16 
26 
23 
6 
14 
20 
21 
27 
27 
21 
4 
3 
1 
24 
1 
24 
25 
22 
2 
13 
17 
1 
6 
24 
16 
0 
8 
4 
5 
14 
8 
14 
22 
20 
0 
29 
26 
16 
21 
16 
8 
0 
27 
29 
3 
22 
1 
7 
19 
5 
25 
26 
30 
28 
28 
27 
17 
26 
19 
25 
19 
4 
13 
23 
4 
29 
15 
24 
13 
22 
20 
21 
27 
29 
11 
10 
26 
6 
7 
28 
28 
19 
29 
18 
27 
13 
12 
14 
1 
19 
3 
1 
6 
17 
14 
17 
25 
20 
3 
5 
29 
19 
28 
16 
7 
22 
8 
23 
8 
21 
17 
26 
5 
21 
26 
14 
7 
26 
9 
19 
13 
20 
30 
13 
25 
21 
15 
25 
3 
1 
29 
30 
2 
7 
28 
5 
19 
11 
2 
6 
16 
7 
27 
23 
30 
8 
23 
30 
30 
20 
21 
11 
0 
12 
21 
14 
26 
22 
14 
2 
16 
2 
26 
1 
23 
4 
1 
23 
23 
9 
3 
4 
11 
4 
17 
22 
9 
27 
25 
4 
25 
16 
1 
16 
11 
28 
18 
23 
29 
5 
9 
1 
26 
26 
17 
25 
23 
18 
4 
6 
0 
26 
18 
6 
16 
21 
16 
17 
0 
30 
26 
3 
5 
1 
25 
2 
9 
4 
20 
1 
6 
21 
19 
20 
11 
0 
26 
11 
15 
8 
2 
28 
7 
20 
13 
17 
2 
22 
1 
2 
13 
5 
23 
19 
5 
11 
20 
12 
12 
21 
1 
11 
8 
26 
28 
8 
14 
25 
18 
30 
2 
26 
9 
5 
6 
18 
22 
26 
20 
22 
10 
2 
22 
29 
14 
20 
27 
20 
18 
18 
16 
19 
0 
21 
18 
0 
21 
16 
2 
28 
8 
24 
7 
28 
6 
23 
23 
22 
30 
2 
22 
