27 
24 
7 
14 
3 
27 
23 
19 
21 
6 
26 
2 
5 
22 
10 
18 
16 
14 
26 
13 
18 
27 
6 
28 
12 
21 
10 
14 
2 
4 
25 
4 
18 
15 
21 
22 
18 
27 
17 
10 
27 
5 
1 
7 
28 
17 
9 
26 
12 
11 
27 
18 
10 
5 
27 
27 
14 
7 
4 
23 
5 
7 
3 
1 
20 
17 
3 
29 
21 
1 
4 
30 
29 
5 
2 
20 
7 
28 
4 
6 
5 
13 
15 
14 
13 
25 
6 
12 
23 
24 
7 
23 
0 
28 
22 
17 
15 
12 
16 
11 
0 
5 
19 
20 
14 
30 
25 
27 
30 
15 
18 
18 
25 
6 
23 
5 
3 
2 
28 
1 
4 
21 
21 
6 
19 
14 
1 
16 
10 
9 
16 
18 
17 
13 
8 
22 
29 
3 
0 
14 
7 
8 
16 
4 
11 
17 
28 
4 
4 
17 
20 
19 
26 
15 
7 
3 
2 
16 
19 
24 
27 
16 
28 
7 
28 
10 
12 
26 
16 
21 
22 
28 
6 
0 
1 
2 
17 
14 
7 
24 
22 
6 
0 
30 
20 
9 
22 
19 
18 
5 
12 
9 
0 
23 
1 
24 
17 
5 
7 
10 
8 
24 
3 
14 
2 
7 
26 
19 
11 
6 
23 
10 
21 
12 
16 
0 
2 
10 
25 
2 
8 
8 
3 
22 
8 
8 
3 
30 
28 
0 
20 
12 
6 
0 
15 
29 
29 
8 
17 
9 
5 
30 
16 
10 
7 
26 
14 
11 
29 
1 
26 
30 
15 
8 
7 
27 
25 
20 
18 
10 
18 
25 
10 
4 
26 
30 
13 
16 
7 
1 
16 
2 
8 
2 
3 
20 
16 
5 
11 
30 
7 
27 
16 
12 
0 
15 
28 
23 
7 
17 
15 
22 
29 
4 
30 
2 
21 
26 
27 
2 
4 
2 
3 
20 
29 
4 
19 
12 
27 
15 
4 
27 
4 
29 
0 
16 
25 
30 
7 
19 
7 
12 
8 
20 
16 
0 
11 
22 
26 
0 
2 
26 
16 
29 
24 
13 
22 
14 
20 
8 
2 
12 
11 
8 
29 
6 
24 
17 
2 
26 
8 
18 
17 
18 
22 
4 
3 
15 
25 
10 
16 
7 
28 
21 
10 
26 
23 
28 
5 
2 
1 
6 
10 
16 
8 
2 
10 
6 
21 
18 
13 
29 
3 
9 
9 
0 
14 
29 
25 
24 
4 
16 
25 
3 
1 
27 
6 
21 
19 
8 
12 
4 
28 
13 
25 
7 
18 
3 
10 
4 
18 
19 
1 
0 
1 
5 
22 
4 
4 
3 
3 
3 
1 
14 
12 
28 
30 
3 
1 
18 
16 
26 
26 
16 
29 
23 
6 
15 
25 
3 
7 
0 
4 
18 
22 
22 
1 
7 
8 
19 
8 
18 
29 
18 
27 
27 
23 
23 
4 
12 
0 
7 
27 
30 
24 
7 
4 
17 
4 
4 
15 
17 
26 
17 
6 
26 
24 
25 
29 
9 
1 
28 
23 
9 
0 
0 
29 
14 
2 
9 
24 
16 
30 
30 
7 
30 
8 
20 
21 
23 
15 
5 
28 
27 
27 
8 
19 
1 
19 
3 
14 
0 
25 
14 
25 
21 
13 
1 
27 
1 
12 
14 
1 
2 
18 
8 
7 
17 
13 
19 
21 
28 
14 
29 
25 
2 
20 
9 
8 
14 
11 
1 
22 
26 
18 
5 
19 
19 
24 
12 
5 
5 
19 
30 
1 
4 
3 
10 
18 
11 
27 
14 
13 
23 
13 
26 
20 
28 
17 
5 
19 
17 
24 
11 
25 
13 
4 
24 
6 
30 
20 
14 
20 
16 
15 
7 
5 
1 
15 
18 
24 
15 
2 
2 
7 
24 
28 
15 
3 
13 
0 
9 
9 
9 
26 
9 
4 
5 
18 
21 
23 
12 
12 
13 
16 
27 
0 
11 
29 
25 
27 
17 
23 
13 
29 
15 
8 
26 
2 
14 
27 
7 
21 
30 
19 
28 
6 
0 
12 
13 
29 
11 
15 
7 
8 
6 
28 
2 
29 
7 
1 
7 
16 
5 
16 
12 
19 
22 
16 
4 
30 
10 
28 
19 
27 
28 
8 
9 
1 
8 
12 
5 
22 
4 
16 
20 
28 
5 
5 
3 
5 
5 
15 
17 
21 
28 
5 
16 
23 
3 
16 
16 
15 
10 
11 
18 
2 
10 
14 
25 
27 
9 
1 
29 
20 
6 
30 
19 
10 
3 
0 
8 
23 
13 
25 
21 
10 
25 
12 
2 
22 
11 
8 
8 
21 
13 
6 
7 
7 
18 
21 
22 
6 
2 
7 
1 
26 
17 
1 
8 
12 
12 
14 
3 
26 
25 
13 
22 
29 
11 
12 
27 
12 
29 
20 
0 
16 
12 
9 
12 
20 
26 
2 
0 
7 
25 
30 
30 
25 
5 
0 
8 
28 
5 
0 
24 
27 
8 
22 
19 
10 
23 
1 
7 
26 
1 
5 
12 
22 
16 
26 
22 
4 
9 
5 
17 
12 
26 
9 
10 
28 
3 
0 
8 
3 
22 
2 
17 
10 
4 
19 
15 
10 
3 
25 
13 
20 
24 
11 
3 
24 
13 
15 
8 
9 
29 
10 
17 
29 
11 
3 
24 
24 
7 
5 
4 
13 
28 
12 
4 
