24 
29 
21 
26 
13 
29 
1 
11 
4 
18 
13 
15 
29 
9 
12 
15 
5 
0 
5 
9 
12 
27 
8 
9 
19 
25 
26 
7 
19 
26 
25 
5 
7 
18 
19 
13 
2 
24 
4 
23 
25 
1 
24 
13 
1 
4 
11 
10 
19 
2 
2 
11 
20 
0 
1 
10 
2 
15 
18 
4 
4 
28 
2 
6 
4 
16 
18 
23 
14 
10 
6 
17 
9 
1 
12 
23 
17 
19 
3 
25 
25 
14 
4 
21 
24 
27 
28 
26 
8 
9 
8 
21 
12 
20 
22 
29 
22 
22 
29 
27 
22 
24 
7 
21 
15 
1 
11 
15 
11 
24 
15 
12 
18 
26 
4 
22 
14 
17 
14 
18 
1 
23 
17 
1 
29 
29 
5 
24 
6 
16 
12 
23 
2 
6 
14 
10 
16 
11 
20 
25 
29 
22 
24 
0 
30 
28 
16 
7 
22 
14 
4 
7 
27 
12 
0 
7 
23 
22 
17 
28 
21 
16 
6 
25 
21 
10 
18 
9 
4 
28 
15 
22 
24 
18 
0 
4 
24 
14 
15 
30 
10 
3 
6 
10 
6 
3 
0 
24 
17 
10 
25 
19 
26 
19 
14 
14 
29 
29 
22 
2 
19 
16 
15 
15 
24 
8 
3 
17 
18 
11 
18 
7 
0 
1 
27 
7 
2 
1 
2 
6 
29 
29 
20 
5 
10 
19 
4 
27 
5 
5 
5 
5 
17 
5 
23 
3 
21 
0 
27 
27 
0 
7 
15 
4 
8 
15 
19 
5 
13 
15 
28 
6 
13 
25 
28 
5 
13 
21 
26 
16 
28 
22 
14 
10 
24 
12 
28 
10 
14 
16 
8 
19 
18 
13 
19 
7 
1 
29 
24 
25 
9 
16 
29 
0 
2 
18 
4 
21 
10 
21 
11 
29 
11 
22 
20 
13 
24 
6 
14 
1 
15 
14 
1 
11 
18 
16 
24 
21 
16 
23 
10 
13 
14 
19 
29 
4 
12 
14 
19 
7 
6 
0 
23 
15 
27 
25 
28 
30 
17 
26 
0 
3 
30 
28 
3 
9 
4 
22 
3 
29 
5 
8 
5 
28 
13 
15 
3 
5 
12 
2 
5 
25 
14 
2 
9 
29 
4 
24 
4 
30 
6 
4 
29 
26 
27 
6 
9 
29 
11 
14 
3 
6 
10 
0 
6 
28 
0 
7 
3 
16 
21 
30 
23 
27 
6 
19 
14 
3 
12 
5 
9 
20 
9 
2 
29 
14 
9 
2 
12 
10 
2 
16 
7 
9 
8 
17 
27 
25 
18 
18 
20 
15 
12 
9 
6 
16 
23 
12 
3 
5 
1 
12 
1 
7 
21 
9 
22 
19 
13 
11 
29 
2 
24 
22 
27 
17 
16 
7 
14 
15 
27 
21 
28 
16 
25 
28 
23 
11 
0 
5 
15 
8 
11 
14 
16 
13 
23 
17 
24 
20 
14 
10 
12 
27 
22 
28 
16 
6 
26 
0 
24 
29 
9 
16 
19 
22 
18 
8 
18 
4 
20 
9 
14 
28 
29 
12 
24 
12 
19 
29 
19 
28 
26 
1 
12 
28 
28 
17 
23 
6 
28 
1 
1 
5 
9 
7 
15 
1 
12 
12 
30 
16 
7 
12 
1 
0 
11 
10 
8 
23 
27 
2 
10 
0 
5 
14 
17 
4 
25 
15 
19 
4 
12 
10 
8 
5 
1 
9 
4 
5 
21 
7 
4 
5 
27 
17 
14 
18 
29 
1 
4 
4 
22 
28 
27 
12 
28 
4 
28 
14 
14 
4 
3 
21 
9 
1 
11 
15 
4 
12 
12 
24 
24 
26 
26 
24 
2 
21 
3 
0 
13 
11 
1 
20 
15 
6 
23 
16 
19 
0 
18 
8 
11 
2 
25 
14 
1 
10 
9 
27 
24 
13 
13 
5 
10 
3 
10 
21 
13 
30 
1 
19 
28 
27 
9 
12 
24 
23 
13 
15 
26 
15 
29 
21 
30 
2 
3 
25 
1 
28 
3 
27 
22 
25 
20 
5 
11 
0 
27 
8 
7 
14 
18 
2 
20 
13 
1 
14 
15 
22 
17 
29 
14 
20 
1 
21 
30 
27 
7 
9 
15 
2 
24 
1 
1 
11 
27 
13 
22 
25 
10 
6 
5 
5 
4 
17 
3 
29 
17 
25 
26 
29 
14 
25 
3 
0 
18 
8 
23 
5 
1 
13 
9 
15 
4 
6 
17 
22 
25 
14 
7 
27 
11 
28 
26 
29 
1 
25 
11 
22 
2 
8 
1 
21 
18 
3 
23 
7 
23 
16 
25 
20 
4 
25 
6 
29 
2 
7 
20 
20 
18 
7 
18 
7 
18 
27 
6 
9 
28 
3 
14 
21 
13 
5 
17 
30 
22 
21 
23 
2 
20 
15 
27 
13 
0 
24 
28 
16 
22 
7 
16 
19 
24 
12 
13 
28 
10 
28 
9 
12 
16 
30 
18 
23 
0 
7 
24 
2 
0 
8 
