30 
25 
12 
16 
30 
6 
11 
7 
3 
15 
30 
27 
0 
26 
8 
1 
10 
19 
24 
22 
30 
16 
4 
18 
23 
1 
19 
20 
14 
9 
5 
16 
15 
27 
5 
10 
29 
23 
26 
26 
16 
0 
9 
8 
30 
28 
26 
17 
5 
26 
3 
0 
29 
5 
2 
3 
8 
19 
15 
26 
8 
0 
7 
2 
22 
19 
13 
16 
7 
26 
12 
25 
15 
1 
13 
5 
16 
4 
2 
17 
27 
26 
12 
23 
4 
19 
16 
3 
12 
30 
2 
26 
22 
25 
8 
4 
8 
3 
25 
1 
9 
17 
7 
1 
27 
0 
14 
11 
3 
16 
3 
13 
8 
1 
16 
19 
1 
11 
8 
29 
5 
0 
15 
7 
29 
17 
23 
1 
5 
11 
17 
0 
21 
13 
12 
7 
3 
20 
30 
29 
5 
29 
9 
16 
15 
29 
24 
1 
20 
13 
16 
30 
11 
9 
19 
7 
7 
25 
16 
10 
18 
12 
25 
29 
2 
21 
11 
24 
25 
5 
19 
3 
18 
28 
14 
28 
15 
3 
9 
0 
23 
15 
2 
9 
3 
30 
12 
15 
1 
19 
23 
0 
24 
29 
15 
0 
5 
15 
25 
26 
28 
9 
13 
2 
0 
18 
18 
8 
0 
12 
28 
3 
10 
29 
23 
19 
3 
20 
7 
6 
7 
28 
18 
18 
5 
1 
11 
3 
27 
18 
3 
19 
27 
27 
28 
25 
4 
7 
20 
18 
16 
9 
0 
24 
22 
8 
4 
27 
5 
26 
12 
5 
29 
27 
21 
2 
28 
9 
23 
1 
3 
17 
11 
7 
27 
16 
8 
0 
13 
0 
0 
1 
14 
2 
2 
19 
17 
11 
3 
5 
22 
3 
3 
5 
21 
21 
7 
11 
0 
22 
10 
15 
10 
6 
21 
4 
14 
26 
3 
28 
17 
20 
2 
26 
23 
30 
10 
9 
24 
21 
10 
20 
28 
15 
30 
14 
19 
1 
18 
24 
29 
16 
0 
28 
1 
23 
0 
14 
21 
24 
20 
13 
11 
15 
18 
9 
0 
8 
19 
20 
16 
0 
9 
25 
25 
29 
5 
22 
11 
1 
11 
19 
12 
10 
5 
27 
7 
29 
10 
16 
10 
25 
7 
29 
27 
2 
21 
1 
28 
6 
1 
14 
26 
11 
3 
29 
18 
8 
13 
5 
3 
30 
9 
12 
6 
24 
12 
7 
22 
6 
1 
10 
23 
29 
20 
7 
2 
14 
16 
5 
5 
9 
16 
11 
11 
4 
14 
10 
27 
2 
30 
15 
13 
3 
8 
23 
24 
13 
28 
23 
30 
19 
30 
12 
15 
22 
29 
11 
16 
20 
21 
27 
29 
20 
9 
30 
8 
0 
20 
4 
11 
16 
4 
11 
4 
30 
20 
19 
3 
8 
13 
1 
15 
29 
8 
6 
0 
9 
2 
13 
11 
6 
25 
13 
15 
9 
16 
12 
9 
5 
5 
14 
13 
20 
15 
1 
8 
26 
24 
24 
17 
26 
28 
0 
1 
28 
9 
26 
7 
25 
18 
7 
14 
21 
26 
17 
25 
28 
23 
14 
13 
8 
8 
8 
0 
24 
20 
9 
27 
26 
14 
27 
28 
20 
12 
30 
10 
30 
30 
15 
18 
18 
15 
1 
6 
12 
11 
8 
15 
5 
2 
15 
28 
26 
26 
5 
25 
25 
15 
29 
21 
29 
14 
29 
5 
8 
10 
11 
17 
1 
26 
17 
27 
15 
17 
30 
11 
5 
17 
6 
2 
0 
1 
29 
4 
19 
12 
27 
27 
13 
5 
13 
3 
16 
15 
10 
4 
26 
19 
7 
26 
23 
2 
25 
27 
2 
6 
25 
29 
27 
27 
13 
16 
4 
29 
30 
20 
13 
24 
3 
2 
17 
16 
18 
23 
25 
30 
3 
25 
0 
0 
9 
4 
22 
14 
12 
12 
11 
11 
12 
16 
5 
19 
1 
14 
6 
10 
17 
19 
17 
27 
26 
2 
3 
29 
29 
12 
12 
4 
9 
4 
27 
9 
6 
3 
10 
6 
29 
25 
29 
25 
6 
9 
6 
12 
10 
28 
13 
17 
3 
2 
13 
15 
21 
30 
4 
12 
17 
27 
21 
1 
11 
29 
24 
26 
28 
17 
6 
26 
13 
18 
23 
21 
25 
18 
15 
27 
11 
13 
13 
15 
10 
0 
22 
6 
21 
24 
11 
1 
12 
25 
3 
24 
0 
13 
1 
20 
15 
28 
0 
28 
5 
6 
4 
30 
0 
3 
14 
24 
16 
