10 
4 
17 
2 
18 
27 
7 
1 
13 
6 
11 
12 
18 
0 
27 
15 
23 
18 
30 
27 
16 
3 
23 
11 
3 
20 
12 
7 
9 
26 
24 
8 
12 
5 
1 
13 
19 
12 
26 
16 
26 
18 
8 
26 
6 
23 
12 
1 
20 
20 
16 
23 
29 
24 
2 
25 
8 
9 
18 
4 
6 
20 
1 
18 
18 
27 
28 
25 
19 
14 
0 
24 
1 
2 
19 
24 
19 
15 
22 
24 
7 
22 
21 
27 
18 
22 
6 
13 
22 
6 
1 
11 
10 
1 
15 
30 
14 
30 
15 
5 
4 
27 
24 
11 
14 
22 
19 
6 
22 
1 
7 
24 
25 
18 
5 
27 
0 
21 
5 
3 
12 
14 
0 
26 
30 
11 
27 
28 
12 
10 
20 
7 
19 
2 
23 
12 
12 
14 
4 
12 
10 
17 
20 
5 
11 
9 
18 
26 
28 
20 
28 
29 
22 
26 
11 
1 
20 
19 
0 
10 
27 
23 
0 
0 
20 
20 
12 
23 
3 
6 
2 
18 
5 
12 
16 
20 
10 
27 
25 
29 
17 
15 
2 
9 
30 
24 
12 
3 
6 
14 
30 
21 
19 
28 
16 
19 
11 
12 
24 
30 
15 
3 
16 
0 
10 
30 
13 
7 
10 
14 
27 
24 
16 
7 
0 
0 
2 
8 
29 
2 
27 
1 
30 
23 
26 
23 
25 
28 
14 
29 
0 
21 
30 
30 
0 
20 
7 
19 
6 
22 
23 
22 
16 
17 
28 
20 
18 
8 
1 
14 
1 
0 
4 
26 
27 
26 
20 
5 
18 
28 
12 
24 
14 
26 
26 
2 
26 
19 
16 
27 
19 
3 
30 
12 
30 
29 
1 
12 
5 
15 
1 
6 
25 
22 
19 
23 
13 
1 
4 
22 
2 
10 
21 
29 
26 
10 
19 
19 
6 
13 
29 
12 
6 
29 
24 
16 
15 
11 
10 
13 
22 
4 
3 
12 
21 
12 
7 
25 
16 
27 
28 
1 
13 
12 
25 
27 
20 
8 
26 
24 
21 
20 
17 
18 
25 
21 
27 
4 
11 
6 
24 
7 
24 
1 
28 
23 
24 
10 
24 
29 
5 
30 
29 
7 
13 
2 
19 
4 
24 
0 
10 
18 
15 
6 
10 
15 
24 
30 
6 
4 
4 
15 
23 
14 
6 
27 
13 
1 
13 
5 
12 
15 
4 
30 
18 
24 
0 
12 
26 
11 
3 
2 
30 
14 
14 
18 
25 
17 
7 
17 
25 
8 
18 
19 
24 
2 
20 
20 
6 
22 
25 
1 
7 
4 
24 
7 
9 
3 
1 
26 
8 
13 
29 
6 
29 
24 
18 
14 
19 
6 
27 
17 
9 
10 
8 
28 
19 
9 
23 
7 
7 
9 
15 
0 
23 
6 
29 
22 
6 
8 
12 
7 
28 
22 
24 
9 
10 
1 
16 
8 
7 
30 
28 
7 
14 
28 
1 
15 
18 
4 
23 
30 
8 
15 
3 
1 
1 
24 
8 
13 
30 
26 
24 
19 
17 
28 
5 
5 
20 
13 
26 
27 
30 
17 
17 
20 
6 
13 
4 
9 
6 
19 
9 
9 
11 
30 
28 
0 
3 
28 
3 
3 
22 
21 
25 
24 
7 
30 
5 
9 
19 
24 
17 
20 
27 
7 
5 
18 
0 
16 
5 
22 
3 
0 
27 
20 
27 
6 
19 
7 
20 
3 
16 
16 
8 
9 
17 
19 
26 
22 
12 
9 
5 
6 
2 
19 
22 
20 
7 
24 
7 
11 
28 
13 
0 
24 
22 
21 
6 
23 
20 
0 
1 
1 
28 
2 
10 
3 
30 
23 
15 
9 
24 
21 
24 
26 
18 
23 
7 
3 
2 
7 
26 
30 
12 
3 
5 
20 
21 
11 
27 
21 
25 
22 
26 
6 
0 
26 
16 
4 
3 
9 
5 
0 
3 
28 
17 
0 
29 
18 
21 
21 
18 
0 
9 
13 
2 
19 
14 
1 
15 
14 
2 
24 
17 
3 
25 
21 
24 
26 
12 
20 
2 
8 
9 
6 
16 
4 
12 
8 
9 
9 
0 
5 
27 
19 
19 
15 
6 
1 
