25 
3 
23 
29 
8 
25 
23 
3 
18 
13 
7 
28 
0 
4 
13 
12 
3 
20 
30 
16 
8 
27 
1 
23 
14 
24 
10 
20 
6 
24 
28 
6 
0 
30 
28 
27 
16 
6 
20 
17 
9 
21 
28 
7 
11 
13 
10 
30 
0 
6 
8 
17 
9 
19 
7 
20 
26 
5 
17 
11 
29 
12 
26 
16 
0 
29 
8 
10 
30 
20 
13 
6 
19 
1 
25 
17 
26 
20 
9 
18 
10 
30 
12 
28 
2 
29 
10 
6 
10 
1 
12 
27 
28 
14 
22 
24 
1 
29 
23 
25 
9 
18 
7 
15 
1 
16 
0 
3 
28 
7 
19 
7 
17 
14 
25 
30 
30 
0 
25 
12 
6 
22 
19 
16 
27 
2 
0 
6 
14 
25 
13 
8 
27 
19 
28 
11 
2 
23 
9 
3 
0 
14 
10 
24 
23 
8 
27 
7 
1 
15 
3 
0 
7 
9 
21 
9 
14 
18 
16 
2 
24 
24 
19 
6 
10 
1 
7 
8 
7 
12 
30 
3 
30 
5 
14 
9 
18 
12 
17 
25 
9 
22 
15 
21 
29 
25 
20 
17 
0 
7 
25 
9 
11 
23 
4 
29 
19 
5 
8 
5 
26 
9 
21 
19 
21 
7 
8 
27 
2 
10 
27 
24 
7 
14 
11 
26 
3 
5 
28 
18 
8 
16 
15 
3 
20 
16 
2 
23 
15 
5 
20 
29 
20 
23 
6 
18 
3 
4 
18 
25 
20 
12 
4 
15 
21 
4 
28 
11 
16 
17 
1 
24 
22 
9 
8 
13 
2 
18 
12 
25 
12 
8 
18 
4 
29 
29 
14 
29 
19 
26 
22 
28 
23 
11 
30 
22 
8 
0 
8 
30 
14 
13 
24 
18 
21 
24 
17 
5 
17 
0 
25 
22 
13 
28 
9 
6 
10 
2 
29 
10 
8 
7 
14 
29 
11 
15 
7 
21 
15 
14 
20 
15 
6 
11 
24 
4 
28 
28 
3 
20 
13 
25 
18 
21 
12 
18 
27 
20 
25 
6 
18 
5 
18 
12 
2 
22 
29 
13 
29 
4 
9 
28 
3 
18 
25 
23 
20 
9 
22 
8 
16 
10 
11 
10 
2 
21 
1 
2 
23 
6 
24 
1 
4 
23 
17 
16 
21 
20 
4 
1 
24 
22 
29 
16 
3 
14 
3 
14 
28 
0 
27 
22 
27 
26 
1 
27 
8 
7 
3 
16 
28 
28 
15 
16 
26 
2 
24 
28 
26 
0 
30 
0 
8 
14 
0 
1 
5 
11 
6 
2 
15 
30 
3 
12 
21 
29 
8 
23 
8 
27 
8 
21 
18 
20 
6 
1 
13 
18 
27 
1 
21 
15 
25 
8 
3 
11 
3 
12 
25 
19 
6 
9 
19 
13 
4 
13 
3 
20 
24 
15 
21 
16 
21 
3 
25 
9 
4 
25 
7 
21 
11 
7 
6 
21 
9 
2 
12 
14 
5 
12 
27 
4 
8 
4 
22 
15 
21 
8 
29 
22 
4 
22 
0 
23 
4 
12 
11 
6 
1 
12 
10 
13 
21 
28 
15 
4 
12 
7 
21 
9 
6 
13 
3 
22 
29 
4 
2 
17 
9 
13 
10 
21 
29 
25 
21 
5 
1 
14 
21 
29 
11 
4 
18 
14 
19 
21 
0 
4 
30 
17 
4 
20 
3 
30 
5 
12 
0 
25 
24 
30 
25 
2 
21 
13 
11 
9 
12 
8 
19 
3 
1 
26 
6 
1 
30 
16 
19 
8 
25 
10 
15 
3 
10 
18 
21 
6 
3 
18 
12 
11 
16 
23 
9 
3 
17 
5 
7 
12 
9 
17 
22 
30 
24 
25 
28 
10 
11 
26 
2 
29 
12 
10 
11 
14 
4 
0 
8 
19 
10 
13 
