24 
21 
11 
28 
26 
25 
2 
9 
18 
21 
0 
7 
19 
25 
7 
7 
9 
5 
0 
22 
4 
26 
15 
10 
6 
3 
27 
18 
27 
18 
12 
19 
25 
25 
25 
2 
27 
9 
5 
4 
23 
22 
3 
17 
9 
4 
0 
28 
26 
18 
11 
26 
6 
22 
3 
24 
7 
2 
2 
27 
24 
15 
2 
0 
25 
25 
11 
27 
2 
25 
27 
19 
24 
7 
9 
17 
29 
30 
14 
17 
11 
0 
22 
24 
7 
4 
21 
22 
3 
2 
18 
14 
5 
6 
28 
5 
2 
0 
5 
24 
11 
0 
16 
23 
14 
9 
7 
25 
9 
30 
30 
19 
18 
0 
16 
9 
6 
30 
2 
25 
27 
3 
9 
18 
23 
28 
28 
26 
19 
1 
29 
2 
17 
3 
6 
19 
29 
6 
8 
13 
27 
14 
10 
1 
10 
25 
1 
30 
6 
2 
5 
21 
19 
11 
23 
0 
0 
18 
29 
16 
2 
28 
29 
0 
4 
10 
9 
16 
20 
15 
2 
28 
23 
25 
15 
18 
6 
28 
26 
14 
6 
9 
28 
16 
24 
11 
16 
27 
1 
24 
0 
3 
21 
9 
29 
19 
30 
7 
17 
8 
29 
10 
3 
0 
5 
2 
28 
27 
14 
10 
9 
12 
28 
15 
8 
10 
30 
15 
9 
27 
12 
17 
6 
28 
11 
30 
20 
27 
20 
0 
11 
7 
26 
1 
29 
15 
3 
25 
12 
14 
6 
8 
14 
12 
6 
27 
3 
23 
2 
8 
11 
27 
14 
17 
7 
13 
18 
21 
0 
22 
20 
9 
17 
1 
22 
12 
28 
20 
11 
2 
13 
8 
28 
10 
28 
4 
7 
2 
19 
13 
0 
14 
7 
16 
14 
30 
8 
26 
18 
28 
21 
16 
14 
16 
3 
10 
13 
25 
30 
21 
29 
7 
2 
11 
12 
2 
20 
28 
10 
0 
15 
17 
20 
9 
0 
15 
29 
20 
19 
18 
30 
20 
12 
23 
28 
6 
23 
24 
17 
9 
23 
9 
2 
17 
22 
2 
1 
1 
25 
3 
24 
5 
30 
10 
20 
0 
4 
7 
25 
20 
10 
22 
30 
22 
5 
22 
4 
8 
20 
19 
15 
21 
30 
21 
11 
16 
9 
1 
6 
25 
7 
19 
26 
0 
29 
17 
18 
27 
3 
8 
18 
28 
10 
15 
30 
30 
14 
24 
16 
13 
20 
7 
5 
25 
6 
5 
13 
25 
28 
24 
5 
13 
19 
19 
28 
29 
20 
4 
30 
20 
4 
16 
25 
10 
2 
13 
17 
4 
5 
14 
4 
14 
6 
10 
26 
15 
26 
26 
23 
24 
26 
26 
29 
23 
22 
4 
20 
15 
6 
2 
3 
23 
30 
10 
21 
19 
9 
0 
14 
15 
11 
26 
8 
4 
29 
17 
3 
3 
10 
7 
5 
8 
3 
8 
7 
28 
17 
21 
10 
23 
1 
10 
7 
9 
14 
30 
20 
17 
21 
21 
28 
7 
18 
0 
30 
24 
21 
24 
23 
20 
12 
30 
30 
19 
26 
15 
28 
11 
27 
10 
13 
1 
21 
18 
7 
22 
25 
22 
2 
3 
8 
24 
19 
18 
17 
10 
22 
18 
11 
14 
6 
19 
1 
5 
13 
9 
13 
14 
9 
13 
17 
11 
7 
0 
16 
26 
20 
7 
6 
24 
