4 
1 
6 
2 
30 
29 
7 
12 
21 
19 
26 
17 
24 
22 
26 
8 
1 
4 
21 
2 
18 
19 
7 
20 
14 
19 
30 
0 
15 
21 
1 
22 
23 
13 
0 
22 
29 
0 
22 
25 
25 
13 
0 
24 
1 
0 
9 
18 
11 
9 
21 
4 
10 
4 
13 
12 
30 
18 
3 
15 
28 
10 
30 
6 
7 
17 
18 
12 
25 
19 
9 
9 
26 
8 
7 
4 
6 
11 
0 
21 
24 
10 
13 
27 
11 
3 
21 
27 
11 
25 
16 
24 
2 
5 
19 
25 
11 
10 
6 
13 
5 
13 
25 
29 
11 
23 
6 
17 
25 
18 
24 
24 
12 
23 
12 
3 
20 
8 
3 
26 
0 
21 
18 
20 
6 
9 
2 
20 
19 
9 
19 
12 
29 
9 
12 
3 
23 
15 
24 
2 
17 
6 
12 
3 
25 
14 
30 
5 
23 
12 
2 
22 
10 
18 
2 
29 
24 
3 
8 
0 
8 
1 
24 
3 
14 
11 
9 
5 
11 
12 
20 
30 
12 
1 
17 
24 
18 
18 
13 
29 
19 
4 
28 
15 
8 
13 
26 
12 
29 
21 
12 
4 
1 
1 
19 
5 
17 
5 
3 
29 
26 
16 
9 
28 
30 
6 
7 
7 
16 
17 
17 
14 
11 
24 
21 
24 
30 
24 
22 
6 
14 
23 
2 
23 
16 
25 
23 
5 
20 
18 
19 
28 
8 
16 
2 
4 
28 
22 
12 
8 
26 
10 
0 
17 
2 
21 
30 
15 
13 
25 
29 
29 
29 
10 
4 
25 
21 
21 
2 
27 
3 
18 
18 
29 
8 
2 
5 
2 
23 
26 
17 
1 
5 
6 
11 
20 
2 
24 
7 
1 
2 
10 
8 
11 
14 
18 
10 
5 
0 
16 
25 
6 
30 
0 
17 
29 
12 
6 
10 
5 
25 
16 
16 
0 
2 
27 
28 
16 
25 
24 
17 
8 
2 
5 
8 
4 
26 
18 
22 
30 
19 
14 
15 
11 
3 
24 
24 
15 
25 
22 
12 
8 
24 
27 
28 
16 
5 
20 
16 
26 
14 
16 
7 
22 
16 
30 
13 
27 
22 
5 
18 
3 
16 
5 
12 
21 
10 
26 
19 
24 
6 
12 
17 
10 
28 
5 
6 
4 
7 
22 
17 
14 
25 
3 
16 
27 
0 
27 
28 
5 
26 
22 
4 
0 
3 
13 
17 
4 
30 
3 
7 
5 
12 
24 
18 
8 
21 
17 
28 
14 
26 
7 
28 
20 
19 
17 
24 
10 
24 
22 
18 
22 
6 
25 
4 
5 
9 
16 
20 
3 
8 
10 
4 
4 
8 
1 
11 
2 
12 
6 
16 
1 
20 
23 
24 
26 
17 
1 
10 
14 
2 
11 
3 
28 
21 
9 
22 
7 
19 
23 
1 
14 
17 
0 
7 
18 
10 
8 
15 
0 
0 
23 
6 
10 
14 
16 
11 
19 
3 
15 
1 
21 
20 
6 
8 
27 
27 
10 
1 
26 
