15 
5 
23 
2 
4 
10 
9 
22 
5 
28 
23 
15 
10 
14 
28 
2 
15 
10 
16 
24 
0 
29 
6 
16 
13 
2 
2 
19 
11 
26 
15 
14 
28 
7 
5 
24 
12 
9 
21 
27 
8 
3 
18 
1 
5 
26 
5 
8 
28 
23 
5 
24 
23 
18 
25 
15 
9 
28 
19 
18 
0 
17 
5 
4 
19 
6 
13 
29 
8 
23 
16 
19 
2 
29 
11 
13 
3 
26 
15 
29 
5 
27 
20 
19 
25 
19 
22 
19 
20 
0 
6 
23 
3 
16 
17 
14 
9 
15 
17 
14 
17 
29 
28 
4 
1 
4 
27 
5 
18 
25 
24 
15 
2 
27 
0 
7 
8 
30 
21 
18 
18 
6 
7 
12 
30 
0 
0 
11 
11 
8 
18 
4 
27 
14 
10 
24 
23 
29 
8 
5 
26 
18 
20 
20 
2 
18 
3 
27 
12 
3 
11 
0 
30 
8 
25 
7 
0 
17 
7 
0 
28 
10 
0 
29 
26 
13 
5 
4 
4 
3 
17 
16 
0 
25 
27 
8 
16 
0 
2 
5 
1 
21 
12 
23 
10 
6 
29 
9 
18 
3 
7 
26 
19 
6 
20 
7 
1 
22 
25 
22 
16 
18 
30 
22 
26 
20 
5 
11 
0 
3 
10 
27 
0 
13 
14 
0 
0 
27 
18 
7 
16 
22 
12 
1 
19 
30 
17 
13 
24 
19 
2 
9 
9 
3 
12 
1 
19 
23 
11 
12 
15 
24 
8 
30 
20 
5 
26 
0 
6 
19 
24 
25 
2 
24 
24 
18 
0 
15 
27 
2 
23 
23 
22 
27 
23 
4 
20 
16 
13 
17 
4 
3 
1 
0 
2 
21 
22 
15 
23 
19 
20 
22 
15 
0 
16 
9 
18 
25 
10 
3 
1 
29 
21 
16 
16 
24 
27 
3 
26 
28 
13 
29 
25 
26 
21 
9 
16 
23 
20 
19 
13 
24 
8 
7 
29 
8 
13 
8 
22 
14 
24 
11 
30 
25 
24 
0 
9 
5 
6 
15 
0 
2 
25 
16 
6 
4 
6 
13 
30 
29 
27 
23 
3 
18 
8 
28 
15 
2 
8 
7 
8 
9 
27 
27 
1 
20 
12 
23 
15 
15 
25 
4 
15 
16 
1 
30 
10 
10 
1 
5 
2 
29 
24 
7 
8 
0 
22 
11 
11 
16 
13 
15 
25 
10 
4 
13 
2 
28 
1 
1 
6 
22 
6 
2 
15 
7 
28 
9 
10 
15 
1 
8 
1 
14 
21 
26 
15 
4 
30 
9 
23 
17 
0 
6 
8 
6 
4 
15 
29 
26 
