15 
3 
21 
10 
22 
8 
9 
27 
28 
14 
20 
6 
11 
3 
13 
6 
24 
22 
0 
0 
18 
18 
7 
0 
21 
27 
29 
11 
17 
22 
13 
30 
29 
11 
12 
16 
13 
17 
5 
19 
6 
27 
19 
3 
23 
1 
23 
8 
26 
10 
16 
12 
15 
6 
5 
27 
8 
29 
21 
24 
25 
17 
12 
19 
25 
2 
30 
19 
7 
27 
21 
28 
9 
21 
28 
15 
15 
12 
2 
14 
26 
5 
27 
24 
15 
3 
10 
15 
11 
11 
29 
4 
30 
15 
0 
16 
1 
27 
21 
15 
5 
14 
11 
22 
23 
14 
22 
26 
5 
10 
12 
16 
0 
12 
28 
11 
18 
14 
26 
2 
4 
4 
0 
23 
24 
24 
17 
21 
21 
30 
13 
25 
8 
25 
4 
13 
21 
6 
0 
19 
7 
11 
15 
21 
27 
10 
10 
26 
14 
29 
4 
19 
0 
22 
2 
11 
10 
1 
17 
29 
2 
28 
29 
3 
29 
30 
14 
3 
0 
26 
8 
25 
16 
13 
3 
3 
24 
19 
8 
20 
20 
2 
9 
27 
26 
21 
6 
2 
5 
5 
18 
15 
20 
28 
19 
27 
27 
18 
8 
1 
13 
30 
14 
11 
23 
5 
16 
23 
26 
21 
3 
5 
29 
6 
9 
24 
18 
12 
20 
2 
21 
22 
12 
21 
15 
9 
19 
25 
11 
12 
2 
5 
13 
22 
5 
20 
24 
19 
24 
3 
7 
27 
16 
7 
0 
19 
11 
18 
0 
8 
1 
2 
26 
25 
27 
9 
25 
17 
12 
13 
26 
27 
24 
30 
27 
16 
24 
7 
14 
25 
5 
22 
28 
18 
26 
3 
30 
23 
25 
30 
30 
6 
21 
14 
28 
21 
4 
21 
17 
21 
13 
0 
24 
15 
0 
23 
2 
16 
22 
30 
7 
29 
4 
28 
7 
13 
19 
25 
10 
20 
18 
12 
6 
11 
11 
7 
18 
27 
4 
13 
8 
28 
30 
6 
21 
16 
8 
24 
22 
6 
19 
29 
17 
15 
21 
9 
17 
11 
16 
21 
17 
1 
14 
26 
23 
18 
6 
25 
10 
7 
25 
19 
4 
22 
27 
27 
12 
19 
6 
11 
