25 
3 
8 
2 
27 
25 
20 
8 
2 
23 
3 
6 
6 
26 
0 
21 
13 
21 
2 
21 
28 
11 
5 
27 
13 
24 
6 
4 
20 
7 
11 
30 
7 
10 
13 
1 
19 
12 
30 
19 
9 
27 
4 
21 
27 
25 
28 
7 
26 
8 
9 
25 
3 
2 
17 
25 
5 
10 
4 
6 
4 
28 
30 
2 
20 
23 
3 
29 
17 
3 
16 
12 
30 
14 
25 
21 
1 
15 
14 
28 
3 
10 
22 
4 
11 
13 
20 
26 
20 
13 
17 
3 
16 
11 
2 
17 
15 
9 
6 
23 
4 
6 
4 
5 
12 
29 
25 
25 
30 
25 
11 
3 
14 
15 
18 
18 
5 
20 
14 
27 
24 
20 
25 
28 
6 
8 
19 
5 
29 
7 
25 
18 
8 
20 
6 
15 
27 
5 
28 
28 
9 
16 
0 
21 
10 
27 
15 
30 
17 
10 
25 
28 
6 
15 
9 
6 
30 
28 
7 
29 
30 
1 
3 
16 
5 
27 
18 
13 
11 
19 
4 
9 
8 
17 
14 
24 
8 
16 
5 
11 
25 
7 
26 
21 
29 
13 
21 
22 
27 
11 
10 
28 
6 
21 
21 
1 
1 
16 
3 
30 
21 
21 
0 
28 
21 
30 
20 
22 
24 
1 
9 
4 
19 
25 
3 
30 
30 
26 
13 
6 
25 
30 
10 
5 
15 
20 
22 
10 
0 
1 
6 
0 
17 
17 
22 
3 
7 
10 
13 
5 
23 
4 
12 
6 
25 
25 
27 
23 
27 
14 
12 
13 
21 
2 
16 
17 
14 
24 
21 
8 
15 
11 
11 
22 
26 
30 
30 
29 
19 
12 
14 
1 
9 
21 
1 
24 
25 
5 
28 
24 
7 
30 
28 
20 
30 
12 
21 
30 
8 
0 
30 
9 
6 
19 
1 
12 
30 
12 
20 
3 
