23 
17 
16 
13 
28 
13 
8 
2 
3 
10 
5 
9 
16 
29 
17 
20 
4 
10 
25 
6 
2 
5 
0 
16 
9 
29 
23 
11 
22 
14 
6 
30 
2 
11 
26 
28 
8 
3 
4 
18 
27 
5 
20 
12 
11 
18 
20 
29 
26 
0 
9 
28 
30 
8 
0 
15 
0 
9 
18 
2 
16 
27 
9 
2 
17 
5 
13 
14 
13 
23 
0 
6 
20 
26 
10 
28 
12 
22 
16 
3 
2 
8 
0 
9 
6 
4 
14 
9 
3 
0 
14 
28 
17 
26 
29 
17 
2 
2 
12 
1 
6 
26 
28 
29 
19 
16 
2 
21 
22 
30 
4 
6 
1 
19 
17 
16 
6 
23 
24 
21 
24 
27 
14 
30 
29 
11 
27 
9 
6 
25 
10 
26 
22 
7 
17 
25 
27 
10 
20 
12 
25 
9 
3 
25 
23 
13 
20 
22 
30 
8 
26 
4 
16 
8 
18 
24 
1 
19 
22 
27 
4 
0 
1 
9 
23 
13 
4 
21 
19 
8 
12 
26 
0 
16 
12 
29 
11 
27 
8 
18 
20 
6 
30 
26 
7 
29 
25 
6 
30 
6 
17 
9 
5 
5 
30 
11 
15 
9 
10 
2 
14 
4 
2 
30 
6 
3 
23 
28 
8 
30 
11 
30 
25 
1 
24 
12 
4 
2 
0 
5 
30 
9 
10 
13 
22 
22 
20 
11 
13 
1 
30 
22 
23 
2 
5 
27 
9 
19 
0 
30 
