6 
25 
28 
16 
18 
26 
23 
11 
21 
4 
28 
0 
4 
28 
20 
8 
7 
1 
24 
25 
9 
30 
1 
9 
23 
19 
11 
26 
7 
26 
19 
11 
0 
27 
23 
12 
0 
28 
3 
15 
21 
7 
6 
14 
6 
29 
10 
27 
1 
28 
19 
24 
3 
18 
13 
2 
1 
25 
11 
10 
1 
12 
12 
12 
0 
12 
11 
29 
15 
3 
2 
4 
3 
2 
10 
3 
6 
25 
26 
20 
15 
11 
25 
19 
30 
21 
4 
3 
22 
28 
30 
22 
0 
28 
18 
0 
10 
0 
6 
5 
16 
5 
24 
13 
17 
16 
27 
16 
13 
15 
23 
11 
12 
17 
10 
24 
11 
0 
22 
9 
18 
19 
24 
25 
14 
29 
5 
30 
6 
13 
8 
12 
23 
27 
6 
29 
28 
9 
16 
0 
13 
15 
17 
20 
15 
5 
12 
21 
26 
28 
9 
5 
16 
5 
29 
3 
1 
29 
30 
7 
19 
18 
11 
28 
0 
30 
16 
26 
23 
28 
26 
25 
9 
6 
28 
8 
5 
16 
26 
13 
