11,19,4,3,4,8,11,29,25,26,29,18,23,24,23,19,21,5,21,1,24,2,4,3,10,28,5,11,6,13,22,7,18,7,5,3,22,13,24,5,17,23,14,5,3,9,23,27,3,0,20,25,0,23,2,3,16,2,4,22,19,23,16,12,29,29,16,13,16,6,4,24,22,24,29,12,2,12,8,24,3,22,22,0,22,15,0

4,29,16,29,0,1,19,5,22,21,28,13,3,23,25,19,26,9,20,10,26,5,18,23,28,6,30,17,16,15,6,25,18,14,12,27,24,28,8,8,26,24,6,3,7,0,14,3,8,30,19,13,5,15,13,24,22,13,17,12,26,17,2,10,10,15,27,27,14,26,15,28,26,30,7,28,18,5,24,19,5,1,11,9,19,17,23

22,5,14,6,29,10,4,29,4,10,2,16,29,10,6,9,16,20,19,14,4,0,27,1,11,23,16,2,21,14,22,6,5,17,27,19,25,6,27,3,11,27,13,15,27,30,25,8,9,4,27,20,9,30,23,17,16,17,12,7,24,13,9,4,3,23,24,5,21,2,18,25,24,25,20,30,15,6,6,28,5,13,25,21,15,11,11

3,6,28,19,21,7,4,9,10,6,2,7,9,25,17,23,23,6,6,14,1,0,3,26,26,3,19,4,27,2,3,0,13,14,16,11,21,15,18,14,15,18,27,2,1,19,19,9,4,3,30,29,7,29,7,25,22,13,27,26,3,29,18,1,1,22,26,12,16,27,10,19,26,6,8,16,28,19,24,17,5,21,16,6,15,18,7



