19 
8 
13 
4 
13 
10 
4 
6 
20 
19 
14 
0 
17 
4 
3 
8 
28 
29 
4 
30 
10 
7 
28 
6 
18 
21 
5 
20 
2 
24 
13 
19 
11 
29 
9 
9 
13 
16 
27 
16 
25 
20 
12 
7 
13 
18 
13 
24 
0 
17 
11 
28 
22 
12 
0 
28 
0 
22 
0 
10 
18 
4 
24 
27 
25 
13 
2 
0 
2 
2 
13 
13 
21 
12 
3 
24 
30 
1 
4 
15 
30 
13 
15 
25 
7 
10 
5 
15 
28 
17 
17 
19 
30 
5 
4 
7 
26 
12 
20 
8 
21 
20 
12 
26 
5 
24 
29 
8 
12 
3 
14 
25 
8 
0 
27 
27 
16 
22 
19 
21 
29 
1 
16 
4 
19 
26 
16 
0 
2 
27 
21 
7 
30 
21 
3 
20 
1 
20 
11 
20 
16 
22 
11 
23 
22 
28 
27 
4 
4 
20 
5 
19 
17 
19 
1 
20 
16 
24 
22 
17 
22 
20 
29 
18 
6 
25 
4 
24 
14 
6 
17 
22 
17 
30 
11 
10 
29 
6 
6 
5 
16 
21 
2 
13 
13 
3 
11 
13 
4 
0 
18 
9 
7 
17 
22 
28 
17 
2 
13 
0 
25 
9 
7 
26 
21 
14 
9 
22 
8 
16 
9 
27 
14 
26 
4 
28 
3 
3 
20 
27 
2 
19 
11 
18 
20 
22 
6 
25 
17 
29 
20 
30 
13 
4 
4 
30 
12 
6 
2 
22 
16 
27 
23 
22 
22 
6 
24 
4 
25 
28 
13 
6 
4 
17 
3 
1 
24 
25 
17 
11 
6 
16 
22 
17 
14 
16 
24 
3 
25 
9 
28 
20 
29 
2 
22 
9 
21 
27 
4 
1 
22 
4 
7 
27 
28 
26 
24 
14 
6 
12 
18 
5 
18 
24 
12 
23 
27 
21 
13 
11 
14 
9 
26 
3 
7 
26 
22 
11 
22 
13 
16 
8 
24 
26 
1 
2 
26 
17 
1 
22 
23 
1 
8 
8 
19 
5 
11 
27 
17 
3 
15 
10 
5 
23 
7 
16 
1 
13 
0 
19 
10 
9 
13 
27 
13 
27 
11 
23 
1 
6 
26 
1 
20 
19 
24 
0 
8 
29 
26 
23 
26 
6 
11 
28 
23 
25 
2 
0 
28 
0 
23 
5 
15 
13 
12 
19 
11 
8 
17 
14 
16 
23 
19 
16 
30 
3 
15 
15 
9 
2 
15 
27 
24 
1 
4 
5 
3 
30 
16 
22 
11 
21 
9 
5 
18 
9 
19 
9 
11 
30 
30 
9 
22 
20 
3 
24 
20 
15 
6 
17 
27 
11 
18 
8 
4 
6 
2 
10 
17 
15 
11 
30 
11 
17 
12 
15 
21 
26 
28 
0 
24 
0 
5 
27 
16 
26 
30 
23 
30 
18 
5 
10 
28 
28 
29 
26 
15 
17 
6 
19 
29 
22 
9 
18 
27 
30 
6 
2 
7 
12 
5 
8 
28 
6 
19 
17 
29 
3 
15 
22 
7 
7 
20 
12 
7 
26 
1 
15 
26 
3 
13 
25 
4 
6 
2 
23 
4 
1 
13 
16 
18 
11 
12 
0 
3 
24 
13 
23 
29 
26 
11 
9 
7 
27 
12 
22 
22 
6 
24 
28 
1 
21 
4 
23 
28 
5 
30 
12 
6 
30 
2 
16 
12 
0 
1 
7 
14 
30 
14 
9 
12 
13 
23 
22 
26 
19 
1 
1 
25 
17 
19 
7 
21 
8 
23 
4 
24 
6 
17 
0 
4 
22 
17 
25 
21 
18 
2 
16 
7 
28 
15 
25 
18 
13 
2 
19 
2 
3 
29 
10 
20 
0 
16 
13 
11 
15 
16 
9 
8 
2 
2 
17 
15 
19 
14 
27 
8 
27 
20 
9 
2 
7 
20 
13 
6 
23 
21 
29 
14 
3 
11 
29 
5 
30 
10 
1 
13 
22 
25 
19 
25 
27 
2 
15 
22 
22 
16 
12 
6 
26 
25 
20 
25 
3 
7 
5 
28 
16 
9 
8 
25 
19 
3 
11 
4 
14 
19 
22 
21 
28 
13 
21 
20 
5 
15 
20 
19 
2 
16 
29 
14 
0 
16 
6 
30 
14 
15 
10 
0 
18 
16 
25 
10 
9 
27 
1 
6 
25 
30 
4 
16 
27 
16 
11 
22 
14 
18 
16 
17 
8 
23 
28 
20 
11 
22 
21 
29 
11 
25 
22 
1 
12 
17 
3 
8 
5 
6 
11 
8 
3 
19 
22 
19 
1 
3 
2 
11 
5 
8 
7 
16 
13 
28 
11 
5 
25 
6 
12 
1 
12 
0 
22 
18 
20 
28 
15 
12 
11 
17 
1 
1 
8 
3 
11 
20 
11 
0 
2 
28 
11 
11 
23 
2 
11 
17 
21 
24 
2 
10 
23 
12 
17 
16 
2 
10 
19 
18 
24 
26 
14 
8 
14 
13 
10 
14 
18 
19 
6 
17 
28 
8 
15 
18 
20 
29 
6 
21 
10 
9 
16 
25 
30 
1 
20 
1 
26 
13 
9 
4 
16 
29 
23 
4 
27 
16 
15 
26 
14 
25 
4 
7 
13 
2 
16 
21 
16 
12 
21 
21 
27 
4 
26 
17 
11 
8 
18 
0 
22 
26 
26 
7 
3 
23 
26 
3 
16 
19 
13 
27 
5 
24 
13 
1 
4 
10 
0 
28 
0 
16 
15 
18 
26 
0 
23 
27 
28 
12 
23 
30 
12 
24 
28 
27 
24 
4 
12 
30 
30 
6 
12 
28 
23 
15 
29 
17 
30 
30 
29 
2 
28 
24 
14 
10 
12 
23 
20 
19 
1 
5 
4 
28 
11 
13 
15 
13 
11 
20 
17 
8 
8 
9 
21 
1 
9 
0 
13 
10 
13 
28 
7 
25 
7 
12 
5 
11 
16 
9 
4 
21 
1 
22 
22 
26 
7 
9 
5 
27 
11 
14 
28 
16 
8 
20 
27 
2 
21 
14 
12 
4 
20 
9 
25 
13 
21 
13 
1 
18 
12 
25 
12 
30 
13 
7 
29 
30 
19 
15 
3 
3 
3 
1 
6 
20 
20 
0 
24 
26 
12 
27 
30 
3 
16 
5 
10 
26 
15 
29 
14 
30 
29 
4 
15 
12 
7 
20 
21 
8 
29 
14 
17 
28 
11 
9 
20 
27 
30 
25 
21 
10 
27 
27 
17 
2 
6 
16 
30 
14 
2 
29 
2 
9 
2 
23 
8 
22 
20 
16 
2 
15 
1 
5 
4 
10 
28 
23 
21 
2 
23 
21 
2 
27 
11 
2 
28 
8 
28 
17 
22 
8 
27 
2 
24 
0 
2 
6 
19 
30 
7 
21 
22 
11 
24 
24 
7 
12 
11 
13 
1 
27 
18 
8 
8 
23 
21 
18 
17 
25 
3 
29 
2 
0 
13 
1 
5 
11 
2 
5 
6 
1 
24 
22 
28 
16 
30 
22 
28 
2 
26 
0 
23 
14 
21 
11 
4 
12 
22 
0 
26 
27 
26 
15 
17 
5 
6 
7 
12 
26 
25 
26 
9 
21 
20 
27 
9 
27 
12 
10 
27 
26 
16 
10 
26 
9 
3 
14 
27 
5 
8 
16 
16 
18 
0 
6 
27 
7 
3 
25 
23 
19 
8 
30 
19 
11 
22 
2 
24 
1 
30 
29 
10 
4 
24 
4 
24 
15 
10 
6 
20 
27 
22 
1 
7 
5 
8 
2 
7 
3 
2 
2 
28 
1 
0 
8 
10 
11 
27 
18 
2 
4 
1 
23 
2 
23 
26 
5 
14 
10 
17 
22 
26 
19 
18 
23 
29 
23 
4 
22 
21 
30 
30 
23 
2 
8 
24 
16 
16 
8 
7 
15 
11 
20 
13 
8 
0 
12 
23 
25 
7 
12 
18 
28 
3 
26 
28 
4 
16 
3 
5 
26 
10 
7 
15 
16 
3 
20 
14 
24 
0 
2 
1 
17 
20 
4 
24 
6 
18 
16 
9 
30 
13 
0 
17 
30 
6 
19 
11 
24 
8 
0 
28 
24 
24 
8 
2 
18 
4 
9 
1 
3 
20 
29 
20 
1 
15 
17 
7 
27 
8 
28 
13 
8 
4 
1 
26 
11 
28 
12 
19 
7 
11 
30 
13 
15 
26 
28 
29 
15 
15 
19 
13 
10 
17 
10 
23 
28 
6 
17 
12 
0 
27 
26 
28 
6 
17 
11 
18 
23 
5 
10 
28 
28 
29 
24 
24 
1 
9 
16 
5 
22 
17 
19 
4 
21 
28 
7 
11 
16 
22 
21 
5 
1 
8 
12 
28 
30 
18 
25 
8 
6 
30 
27 
4 
6 
5 
30 
16 
16 
30 
7 
6 
15 
26 
28 
10 
27 
4 
16 
18 
24 
8 
21 
11 
21 
11 
14 
3 
17 
13 
30 
25 
1 
27 
22 
3 
10 
13 
20 
17 
13 
15 
5 
7 
21 
23 
13 
4 
25 
3 
19 
9 
10 
4 
6 
11 
5 
5 
11 
16 
23 
28 
0 
9 
29 
13 
25 
3 
8 
24 
3 
23 
2 
28 
25 
0 
1 
23 
2 
17 
15 
16 
9 
22 
4 
15 
0 
26 
15 
5 
21 
21 
10 
5 
9 
19 
14 
1 
12 
10 
14 
26 
17 
24 
25 
19 
2 
24 
24 
14 
21 
0 
3 
25 
7 
25 
17 
15 
21 
21 
2 
22 
18 
15 
2 
6 
22 
11 
5 
27 
21 
16 
5 
21 
10 
29 
9 
30 
6 
24 
0 
27 
15 
0 
14 
30 
26 
17 
0 
7 
15 
24 
19 
7 
28 
21 
27 
9 
7 
25 
19 
6 
5 
2 
20 
24 
2 
7 
27 
29 
6 
15 
16 
27 
1 
27 
5 
5 
18 
1 
8 
25 
16 
2 
0 
20 
11 
4 
18 
11 
16 
18 
17 
22 
28 
12 
0 
5 
10 
2 
6 
29 
16 
23 
10 
14 
24 
18 
5 
24 
10 
29 
