0 
1 
29 
8 
1 
0 
11 
17 
25 
3 
29 
3 
0 
1 
2 
7 
17 
1 
17 
9 
2 
5 
15 
20 
8 
24 
14 
14 
18 
8 
21 
2 
1 
28 
7 
1 
1 
16 
30 
2 
8 
9 
3 
16 
6 
23 
0 
28 
16 
12 
4 
17 
23 
29 
24 
1 
0 
27 
25 
22 
5 
3 
23 
9 
19 
0 
26 
6 
3 
3 
5 
5 
17 
9 
22 
15 
20 
21 
11 
11 
7 
30 
3 
13 
17 
28 
23 
2 
25 
20 
4 
17 
4 
23 
10 
11 
28 
28 
24 
26 
5 
4 
2 
21 
28 
25 
3 
2 
19 
2 
4 
15 
3 
14 
19 
25 
25 
10 
13 
11 
4 
15 
9 
13 
2 
29 
16 
15 
4 
6 
9 
4 
30 
11 
8 
26 
11 
16 
21 
25 
22 
29 
6 
7 
23 
26 
2 
6 
11 
13 
7 
3 
15 
18 
24 
0 
5 
16 
22 
8 
30 
19 
3 
3 
16 
24 
8 
5 
30 
29 
14 
16 
22 
18 
13 
26 
1 
17 
27 
14 
8 
21 
25 
18 
11 
6 
20 
12 
30 
1 
3 
23 
18 
9 
25 
28 
3 
17 
17 
2 
6 
18 
2 
11 
17 
7 
10 
21 
27 
1 
1 
21 
16 
14 
28 
3 
26 
2 
20 
27 
2 
27 
23 
13 
13 
2 
20 
27 
18 
1 
10 
0 
28 
7 
25 
9 
13 
19 
2 
21 
27 
23 
1 
30 
27 
17 
22 
25 
24 
14 
10 
13 
3 
4 
2 
2 
24 
29 
24 
3 
26 
29 
20 
1 
4 
30 
20 
4 
8 
11 
1 
26 
19 
2 
11 
8 
30 
1 
28 
15 
7 
19 
6 
9 
15 
10 
21 
11 
26 
25 
16 
26 
5 
6 
16 
7 
6 
7 
19 
6 
15 
9 
30 
0 
12 
2 
20 
27 
22 
12 
13 
26 
30 
1 
8 
24 
1 
17 
23 
5 
20 
11 
22 
12 
19 
14 
19 
12 
4 
0 
27 
4 
2 
4 
2 
18 
12 
0 
14 
15 
3 
11 
20 
6 
26 
7 
29 
27 
9 
21 
19 
17 
8 
7 
25 
5 
6 
15 
8 
13 
25 
25 
7 
30 
2 
11 
5 
28 
15 
4 
20 
6 
18 
10 
2 
5 
1 
7 
1 
5 
4 
15 
10 
2 
12 
13 
0 
30 
29 
22 
1 
0 
8 
22 
16 
4 
8 
15 
15 
27 
2 
23 
7 
17 
1 
11 
13 
22 
6 
0 
0 
3 
27 
10 
5 
28 
6 
3 
12 
2 
12 
23 
9 
8 
7 
29 
5 
12 
29 
28 
27 
5 
25 
1 
13 
5 
4 
1 
18 
24 
26 
15 
30 
1 
11 
29 
10 
25 
11 
6 
25 
16 
17 
5 
25 
8 
2 
28 
11 
2 
3 
13 
23 
6 
3 
13 
13 
25 
3 
24 
20 
18 
22 
11 
0 
27 
11 
15 
30 
10 
26 
19 
4 
12 
11 
17 
29 
24 
13 
22 
15 
4 
17 
2 
3 
13 
5 
26 
22 
16 
20 
14 
17 
20 
11 
17 
9 
13 
20 
15 
6 
8 
26 
6 
23 
23 
29 
24 
5 
12 
0 
9 
16 
12 
15 
5 
22 
2 
1 
18 
25 
29 
2 
28 
26 
1 
26 
29 
18 
29 
27 
21 
22 
24 
19 
4 
20 
13 
13 
13 
10 
28 
11 
30 
25 
6 
22 
1 
10 
2 
27 
10 
16 
14 
13 
19 
15 
27 
25 
9 
20 
7 
18 
21 
12 
25 
23 
30 
14 
20 
20 
15 
0 
16 
17 
15 
14 
0 
7 
27 
20 
27 
9 
8 
30 
23 
13 
30 
20 
10 
2 
17 
20 
18 
2 
6 
29 
5 
23 
24 
10 
29 
0 
19 
30 
16 
20 
25 
16 
3 
26 
18 
20 
15 
26 
7 
20 
26 
14 
4 
1 
27 
0 
21 
26 
5 
9 
2 
3 
5 
20 
4 
6 
2 
10 
13 
13 
29 
8 
22 
17 
10 
27 
23 
10 
15 
21 
24 
29 
16 
3 
21 
29 
27 
8 
2 
13 
6 
26 
3 
3 
18 
25 
17 
2 
28 
6 
26 
25 
16 
18 
30 
23 
2 
25 
13 
0 
20 
17 
16 
29 
13 
16 
10 
4 
24 
28 
9 
23 
22 
20 
1 
30 
19 
6 
14 
23 
17 
10 
18 
19 
2 
25 
6 
16 
28 
26 
25 
16 
25 
7 
4 
15 
27 
19 
18 
14 
11 
14 
1 
30 
14 
0 
13 
12 
11 
27 
30 
23 
17 
24 
18 
2 
5 
23 
8 
7 
10 
13 
27 
19 
3 
24 
26 
4 
4 
0 
15 
21 
25 
21 
21 
22 
1 
7 
21 
28 
3 
28 
10 
13 
6 
2 
15 
3 
29 
1 
11 
26 
29 
28 
9 
1 
1 
18 
17 
27 
13 
13 
28 
3 
21 
19 
7 
15 
12 
10 
18 
17 
20 
29 
3 
13 
17 
12 
9 
19 
9 
0 
22 
18 
11 
13 
30 
3 
13 
7 
22 
18 
14 
8 
9 
4 
5 
27 
22 
11 
6 
7 
14 
7 
2 
24 
2 
19 
23 
11 
5 
15 
28 
5 
21 
23 
6 
22 
15 
13 
9 
23 
27 
2 
18 
25 
16 
28 
1 
18 
29 
4 
22 
10 
19 
5 
15 
10 
3 
5 
18 
27 
18 
28 
1 
0 
11 
30 
27 
13 
4 
29 
13 
22 
27 
5 
28 
27 
25 
14 
15 
17 
15 
28 
15 
21 
22 
20 
24 
6 
10 
12 
12 
21 
16 
24 
5 
15 
28 
0 
21 
0 
7 
8 
5 
12 
24 
24 
12 
4 
20 
30 
25 
11 
30 
23 
7 
20 
12 
24 
22 
19 
5 
20 
24 
18 
5 
11 
15 
15 
10 
28 
6 
26 
13 
17 
14 
10 
0 
29 
27 
29 
27 
17 
15 
9 
8 
15 
19 
2 
22 
26 
1 
10 
8 
18 
29 
19 
4 
28 
16 
15 
3 
30 
8 
5 
19 
0 
13 
30 
6 
10 
2 
12 
12 
27 
1 
7 
8 
9 
17 
2 
4 
6 
1 
19 
23 
22 
13 
24 
17 
8 
11 
23 
13 
29 
30 
25 
23 
27 
29 
15 
12 
24 
15 
25 
2 
19 
4 
14 
1 
17 
12 
19 
10 
0 
29 
12 
9 
6 
17 
16 
15 
7 
10 
4 
9 
3 
17 
1 
8 
2 
26 
27 
1 
10 
10 
25 
7 
24 
3 
15 
9 
6 
5 
29 
8 
7 
0 
7 
25 
5 
26 
4 
17 
30 
0 
18 
26 
14 
4 
21 
30 
9 
17 
12 
18 
27 
16 
11 
24 
5 
27 
0 
11 
18 
28 
16 
13 
5 
8 
26 
6 
2 
12 
0 
9 
1 
18 
24 
10 
1 
21 
19 
23 
18 
29 
10 
14 
2 
25 
14 
26 
11 
10 
5 
17 
10 
10 
20 
19 
12 
1 
10 
7 
24 
30 
23 
3 
17 
27 
4 
23 
13 
12 
3 
8 
3 
4 
7 
13 
7 
26 
15 
30 
7 
25 
0 
20 
19 
5 
6 
29 
21 
8 
7 
25 
14 
30 
1 
17 
28 
14 
3 
25 
12 
25 
2 
25 
15 
29 
0 
6 
25 
5 
0 
14 
27 
6 
12 
0 
12 
23 
2 
5 
19 
17 
16 
24 
22 
7 
17 
1 
12 
2 
14 
26 
22 
1 
10 
7 
16 
7 
25 
27 
16 
11 
10 
12 
20 
1 
0 
5 
14 
29 
30 
30 
20 
4 
9 
3 
25 
10 
9 
4 
4 
25 
6 
13 
30 
12 
2 
11 
26 
0 
3 
27 
23 
3 
24 
16 
28 
28 
8 
0 
30 
3 
24 
14 
0 
28 
1 
23 
2 
7 
17 
17 
26 
7 
17 
11 
29 
26 
4 
17 
13 
27 
29 
24 
21 
27 
28 
15 
4 
5 
19 
1 
6 
30 
10 
25 
4 
11 
17 
6 
24 
3 
30 
13 
17 
28 
23 
13 
21 
10 
8 
6 
22 
21 
3 
23 
15 
13 
28 
8 
8 
0 
26 
26 
1 
15 
17 
18 
24 
16 
2 
12 
15 
23 
5 
21 
23 
20 
19 
5 
27 
9 
4 
17 
5 
28 
5 
23 
11 
19 
6 
1 
27 
30 
5 
13 
3 
26 
7 
29 
10 
19 
19 
15 
11 
4 
23 
9 
23 
30 
28 
5 
25 
24 
22 
0 
11 
25 
9 
16 
17 
21 
8 
24 
3 
5 
8 
11 
16 
23 
29 
9 
4 
1 
3 
23 
8 
24 
11 
21 
25 
5 
13 
18 
7 
13 
20 
22 
13 
10 
9 
12 
17 
21 
4 
14 
21 
2 
27 
2 
23 
17 
30 
9 
28 
12 
15 
17 
2 
16 
18 
24 
11 
28 
21 
3 
28 
4 
26 
27 
7 
4 
2 
3 
10 
22 
12 
16 
21 
4 
1 
8 
5 
25 
5 
4 
5 
5 
22 
4 
9 
18 
23 
21 
24 
26 
2 
10 
9 
16 
20 
2 
1 
3 
27 
5 
4 
0 
2 
19 
16 
18 
24 
9 
14 
18 
10 
23 
19 
23 
24 
14 
16 
19 
11 
25 
2 
11 
24 
10 
22 
26 
29 
4 
20 
26 
25 
18 
4 
29 
17 
28 
15 
22 
28 
18 
22 
17 
