10 
4 
23 
22 
0 
17 
13 
27 
2 
0 
21 
19 
10 
5 
13 
16 
6 
7 
18 
15 
25 
29 
12 
0 
9 
24 
23 
28 
27 
11 
25 
26 
25 
26 
14 
22 
6 
15 
16 
29 
26 
4 
23 
1 
4 
28 
22 
20 
23 
4 
15 
2 
23 
9 
15 
11 
10 
15 
30 
2 
22 
30 
8 
10 
1 
18 
10 
14 
3 
29 
20 
2 
22 
8 
18 
14 
2 
24 
7 
29 
1 
16 
28 
19 
17 
21 
16 
25 
5 
2 
27 
0 
18 
13 
1 
11 
23 
25 
0 
23 
1 
16 
26 
6 
19 
25 
25 
11 
0 
2 
30 
10 
14 
6 
28 
2 
19 
12 
28 
21 
9 
0 
30 
12 
3 
24 
28 
8 
20 
22 
29 
26 
5 
4 
3 
22 
9 
11 
9 
6 
13 
28 
17 
10 
13 
18 
10 
0 
10 
11 
1 
23 
1 
26 
25 
20 
7 
23 
10 
19 
5 
17 
20 
3 
9 
18 
8 
1 
8 
3 
15 
15 
16 
10 
1 
7 
15 
8 
0 
15 
7 
6 
7 
28 
22 
1 
14 
5 
10 
14 
12 
21 
28 
24 
17 
28 
9 
17 
21 
30 
22 
30 
12 
3 
1 
18 
27 
27 
11 
7 
24 
8 
8 
20 
14 
3 
27 
10 
17 
11 
29 
19 
16 
30 
20 
30 
5 
3 
1 
5 
24 
1 
2 
21 
22 
24 
25 
6 
0 
0 
25 
25 
7 
19 
17 
26 
1 
2 
6 
7 
14 
11 
9 
22 
20 
21 
1 
9 
0 
21 
23 
22 
17 
21 
18 
11 
3 
5 
4 
10 
28 
29 
20 
2 
29 
0 
9 
23 
27 
13 
8 
6 
27 
5 
3 
4 
19 
11 
30 
15 
26 
14 
14 
28 
22 
11 
9 
9 
7 
30 
10 
22 
30 
6 
2 
29 
14 
12 
6 
13 
2 
1 
12 
19 
30 
3 
13 
4 
27 
15 
1 
27 
8 
27 
18 
27 
14 
1 
4 
7 
18 
9 
22 
14 
15 
16 
10 
29 
3 
20 
28 
7 
6 
8 
26 
3 
3 
21 
14 
7 
7 
5 
30 
22 
25 
25 
2 
16 
23 
8 
7 
11 
11 
3 
22 
22 
2 
12 
8 
29 
0 
2 
30 
26 
3 
2 
11 
13 
20 
7 
18 
17 
1 
13 
14 
28 
14 
2 
1 
12 
17 
15 
0 
22 
25 
11 
28 
24 
5 
28 
20 
26 
5 
22 
14 
9 
19 
11 
9 
29 
5 
12 
9 
27 
0 
0 
15 
14 
12 
8 
11 
1 
2 
20 
27 
2 
3 
28 
9 
0 
15 
22 
8 
2 
17 
13 
6 
24 
1 
3 
25 
11 
1 
8 
13 
17 
3 
29 
9 
2 
26 
12 
13 
28 
30 
20 
26 
26 
3 
2 
2 
11 
27 
0 
23 
30 
19 
27 
21 
25 
27 
16 
17 
11 
7 
5 
13 
7 
2 
7 
7 
14 
3 
27 
21 
26 
3 
25 
16 
14 
28 
1 
20 
22 
16 
7 
28 
29 
28 
15 
6 
0 
19 
24 
12 
10 
19 
29 
17 
6 
1 
5 
2 
19 
12 
6 
28 
9 
4 
17 
5 
10 
21 
17 
28 
11 
26 
6 
1 
13 
5 
12 
17 
24 
5 
5 
24 
11 
20 
10 
16 
26 
27 
25 
20 
26 
27 
0 
3 
1 
2 
16 
27 
22 
16 
3 
28 
15 
28 
16 
2 
3 
12 
20 
15 
29 
26 
14 
23 
23 
7 
29 
22 
10 
14 
1 
23 
8 
16 
19 
23 
7 
5 
12 
30 
3 
18 
6 
2 
20 
17 
4 
12 
12 
17 
13 
30 
16 
29 
13 
27 
5 
23 
24 
1 
4 
12 
15 
18 
16 
8 
29 
2 
16 
23 
25 
5 
16 
12 
22 
9 
11 
24 
6 
8 
25 
19 
2 
11 
14 
2 
25 
10 
10 
1 
24 
27 
10 
18 
19 
11 
19 
30 
2 
30 
2 
30 
28 
17 
18 
6 
28 
11 
24 
2 
10 
9 
21 
24 
21 
10 
18 
21 
8 
16 
24 
6 
3 
9 
6 
19 
26 
30 
19 
1 
20 
26 
12 
5 
13 
23 
3 
1 
30 
21 
20 
21 
23 
5 
26 
25 
28 
7 
27 
2 
30 
26 
3 
24 
13 
8 
17 
24 
1 
2 
1 
24 
4 
26 
12 
30 
29 
24 
13 
3 
11 
30 
24 
25 
10 
11 
21 
2 
0 
25 
16 
4 
8 
7 
23 
29 
27 
8 
27 
2 
16 
18 
18 
10 
2 
21 
27 
19 
13 
21 
23 
16 
23 
23 
30 
16 
30 
14 
9 
3 
15 
29 
0 
8 
25 
18 
28 
19 
3 
18 
22 
4 
20 
17 
24 
2 
4 
2 
10 
0 
30 
22 
6 
0 
28 
9 
8 
29 
29 
2 
17 
25 
19 
2 
7 
11 
14 
3 
16 
9 
4 
23 
1 
14 
9 
13 
27 
8 
14 
4 
21 
0 
1 
5 
9 
27 
20 
19 
17 
18 
10 
13 
24 
21 
12 
18 
29 
17 
5 
5 
5 
11 
9 
25 
22 
14 
23 
10 
14 
4 
14 
17 
27 
15 
19 
20 
4 
7 
25 
4 
10 
22 
29 
25 
29 
8 
3 
22 
7 
22 
30 
19 
25 
12 
15 
9 
15 
29 
26 
0 
23 
28 
5 
4 
16 
3 
27 
8 
12 
24 
28 
6 
1 
8 
30 
20 
21 
14 
10 
13 
15 
5 
7 
5 
1 
2 
2 
3 
26 
11 
2 
14 
15 
9 
1 
17 
13 
2 
18 
10 
29 
22 
24 
8 
14 
26 
28 
1 
20 
21 
6 
18 
16 
16 
19 
12 
5 
2 
4 
7 
5 
18 
15 
0 
21 
28 
28 
6 
15 
18 
10 
23 
2 
12 
20 
14 
9 
23 
5 
2 
1 
9 
28 
18 
23 
9 
15 
14 
0 
28 
30 
16 
21 
1 
8 
5 
23 
21 
0 
0 
13 
1 
11 
19 
22 
8 
11 
27 
30 
15 
27 
29 
8 
2 
2 
3 
21 
0 
10 
30 
10 
1 
28 
16 
7 
26 
26 
0 
1 
4 
22 
19 
18 
3 
4 
5 
18 
26 
14 
27 
23 
17 
27 
13 
4 
25 
14 
28 
7 
1 
4 
22 
25 
7 
2 
15 
4 
12 
26 
24 
11 
4 
22 
18 
14 
17 
10 
7 
11 
13 
27 
8 
4 
13 
7 
25 
6 
27 
17 
30 
4 
12 
15 
13 
26 
19 
4 
8 
4 
30 
14 
2 
12 
14 
11 
6 
24 
12 
13 
18 
4 
7 
26 
28 
21 
23 
5 
2 
19 
24 
2 
2 
6 
7 
4 
28 
12 
28 
13 
14 
9 
24 
21 
2 
1 
2 
17 
24 
4 
9 
21 
22 
26 
23 
9 
22 
6 
13 
20 
28 
19 
26 
6 
24 
7 
22 
28 
12 
7 
12 
7 
21 
2 
13 
18 
1 
23 
24 
25 
5 
8 
8 
11 
11 
3 
22 
16 
0 
21 
7 
1 
17 
20 
26 
17 
4 
25 
9 
25 
27 
10 
18 
3 
28 
25 
26 
28 
9 
11 
16 
11 
1 
12 
26 
30 
25 
18 
10 
4 
7 
0 
29 
23 
17 
22 
8 
24 
29 
24 
27 
13 
29 
19 
13 
20 
0 
10 
17 
6 
3 
27 
3 
29 
24 
22 
3 
15 
17 
16 
23 
20 
21 
15 
1 
6 
2 
13 
15 
6 
6 
2 
29 
24 
25 
2 
3 
12 
7 
26 
4 
3 
3 
14 
30 
17 
29 
8 
16 
21 
1 
24 
15 
25 
14 
28 
21 
8 
6 
13 
7 
1 
28 
23 
13 
10 
3 
26 
2 
4 
10 
24 
20 
0 
14 
29 
13 
0 
2 
11 
21 
6 
6 
17 
16 
15 
1 
5 
15 
20 
10 
27 
20 
9 
28 
2 
20 
4 
19 
21 
17 
11 
8 
10 
24 
18 
22 
3 
15 
2 
21 
29 
24 
18 
26 
11 
27 
15 
13 
30 
30 
1 
30 
1 
21 
18 
5 
20 
1 
17 
14 
30 
2 
5 
26 
2 
11 
20 
30 
12 
1 
3 
30 
12 
12 
1 
7 
3 
28 
30 
15 
10 
20 
8 
9 
20 
3 
30 
13 
28 
22 
22 
28 
3 
13 
13 
0 
29 
10 
4 
5 
2 
5 
18 
10 
2 
28 
18 
0 
8 
22 
20 
9 
21 
6 
2 
24 
6 
29 
13 
24 
23 
19 
25 
15 
30 
8 
29 
21 
28 
25 
21 
29 
11 
13 
25 
9 
8 
23 
11 
3 
23 
15 
26 
30 
10 
16 
17 
5 
21 
1 
29 
7 
3 
6 
11 
29 
30 
24 
6 
26 
4 
27 
10 
6 
20 
15 
8 
26 
15 
29 
30 
20 
23 
24 
24 
16 
0 
8 
9 
7 
28 
21 
5 
26 
16 
11 
25 
4 
20 
14 
1 
4 
30 
12 
19 
