5 
18 
0 
28 
9 
5 
8 
22 
15 
19 
2 
27 
9 
19 
5 
2 
7 
12 
14 
29 
15 
6 
24 
26 
6 
14 
17 
15 
7 
8 
26 
18 
12 
10 
17 
22 
27 
12 
9 
18 
14 
1 
21 
15 
8 
11 
0 
25 
6 
12 
25 
5 
0 
30 
4 
8 
24 
8 
24 
14 
12 
22 
11 
26 
24 
9 
27 
1 
3 
20 
5 
11 
15 
24 
1 
24 
30 
16 
12 
18 
12 
8 
3 
22 
0 
21 
10 
10 
9 
25 
10 
26 
23 
27 
0 
13 
20 
6 
25 
14 
4 
10 
28 
3 
18 
11 
30 
14 
13 
17 
15 
17 
13 
24 
30 
30 
21 
29 
0 
1 
24 
18 
17 
26 
25 
16 
10 
20 
18 
4 
22 
17 
14 
9 
29 
21 
22 
29 
0 
10 
1 
28 
6 
0 
0 
3 
26 
26 
26 
10 
18 
13 
15 
26 
1 
23 
6 
9 
27 
0 
4 
7 
3 
1 
1 
19 
0 
10 
19 
12 
20 
3 
6 
10 
25 
9 
3 
8 
27 
18 
23 
30 
14 
25 
15 
4 
7 
28 
23 
18 
4 
7 
23 
9 
2 
9 
24 
5 
8 
27 
23 
19 
27 
26 
23 
12 
9 
29 
30 
29 
18 
7 
14 
12 
16 
15 
20 
16 
13 
13 
18 
18 
3 
28 
5 
4 
19 
1 
2 
6 
15 
14 
16 
2 
26 
6 
19 
5 
1 
11 
18 
0 
24 
1 
1 
2 
0 
24 
0 
28 
8 
1 
15 
2 
12 
28 
26 
11 
9 
27 
4 
20 
11 
25 
8 
5 
6 
3 
18 
3 
18 
15 
15 
24 
6 
30 
9 
16 
10 
10 
13 
19 
9 
22 
28 
6 
5 
28 
15 
12 
5 
8 
7 
7 
0 
29 
28 
24 
20 
26 
18 
14 
19 
13 
15 
13 
28 
18 
26 
4 
10 
28 
9 
11 
6 
27 
23 
22 
21 
24 
2 
16 
30 
1 
5 
5 
14 
16 
12 
7 
15 
25 
15 
10 
5 
13 
7 
12 
25 
25 
4 
27 
22 
2 
1 
1 
28 
24 
10 
21 
7 
20 
25 
22 
15 
14 
30 
6 
15 
5 
26 
21 
12 
3 
21 
6 
17 
7 
9 
26 
28 
24 
13 
4 
2 
10 
1 
21 
6 
12 
30 
4 
29 
26 
24 
25 
4 
6 
23 
26 
13 
6 
6 
4 
29 
12 
8 
29 
2 
6 
2 
30 
3 
17 
7 
10 
4 
7 
20 
30 
0 
27 
2 
26 
21 
13 
27 
4 
30 
1 
24 
11 
16 
18 
12 
16 
15 
21 
11 
10 
12 
7 
1 
16 
0 
1 
17 
27 
28 
15 
14 
10 
14 
2 
18 
15 
10 
12 
22 
7 
7 
4 
7 
24 
26 
21 
4 
7 
3 
13 
19 
17 
21 
27 
5 
24 
4 
29 
3 
19 
11 
9 
25 
24 
28 
23 
21 
23 
17 
2 
30 
8 
5 
27 
23 
26 
23 
6 
22 
20 
19 
19 
26 
23 
17 
5 
1 
26 
26 
26 
20 
15 
8 
22 
5 
30 
29 
6 
21 
27 
21 
16 
19 
21 
22 
15 
17 
25 
4 
14 
5 
13 
24 
21 
30 
20 
1 
21 
8 
26 
17 
6 
19 
30 
9 
1 
6 
6 
26 
0 
0 
15 
0 
17 
16 
30 
18 
0 
30 
17 
22 
4 
1 
28 
17 
7 
23 
17 
17 
6 
8 
27 
20 
23 
1 
7 
19 
13 
2 
27 
9 
5 
26 
26 
22 
2 
14 
30 
9 
23 
0 
21 
19 
2 
6 
18 
6 
16 
26 
29 
7 
27 
2 
23 
4 
1 
10 
27 
14 
13 
14 
11 
27 
30 
26 
13 
17 
30 
10 
19 
17 
3 
26 
13 
29 
7 
12 
11 
29 
27 
16 
18 
13 
9 
15 
13 
15 
24 
1 
0 
7 
0 
23 
14 
29 
13 
17 
26 
10 
0 
12 
25 
5 
17 
25 
7 
10 
25 
22 
16 
20 
20 
4 
1 
1 
24 
8 
4 
24 
11 
1 
4 
14 
20 
2 
23 
28 
24 
19 
15 
16 
8 
17 
28 
9 
11 
18 
0 
23 
1 
9 
10 
11 
21 
19 
30 
10 
15 
30 
0 
7 
24 
0 
29 
26 
20 
4 
21 
30 
28 
11 
24 
19 
20 
12 
17 
14 
7 
3 
0 
1 
20 
21 
7 
29 
7 
28 
28 
26 
13 
0 
5 
16 
7 
3 
23 
22 
2 
4 
29 
26 
23 
0 
11 
5 
20 
29 
30 
28 
11 
6 
21 
27 
12 
23 
23 
28 
30 
12 
25 
1 
10 
16 
11 
22 
26 
25 
24 
20 
26 
26 
30 
9 
12 
23 
26 
9 
16 
29 
4 
2 
1 
14 
29 
13 
7 
8 
29 
18 
26 
1 
0 
20 
4 
3 
19 
26 
13 
16 
20 
25 
8 
3 
3 
6 
10 
1 
26 
11 
5 
5 
1 
8 
15 
30 
29 
29 
14 
10 
21 
22 
7 
5 
17 
4 
5 
7 
6 
5 
10 
0 
15 
7 
30 
18 
11 
2 
30 
12 
3 
25 
1 
15 
30 
1 
11 
7 
16 
11 
10 
11 
24 
26 
24 
10 
15 
12 
3 
16 
23 
0 
8 
10 
8 
2 
5 
1 
17 
14 
20 
12 
23 
21 
11 
1 
11 
23 
20 
10 
26 
27 
10 
9 
4 
16 
22 
30 
12 
22 
15 
12 
10 
0 
21 
3 
30 
28 
9 
7 
22 
21 
24 
11 
15 
1 
24 
25 
19 
7 
30 
2 
23 
0 
24 
11 
19 
2 
17 
5 
29 
29 
16 
25 
21 
25 
25 
11 
6 
6 
2 
4 
0 
15 
30 
0 
12 
27 
1 
1 
25 
2 
5 
19 
2 
28 
5 
30 
1 
16 
16 
29 
20 
8 
25 
30 
22 
24 
29 
30 
16 
21 
22 
5 
5 
5 
5 
5 
27 
22 
8 
4 
11 
0 
10 
24 
12 
8 
21 
3 
1 
27 
6 
7 
9 
18 
22 
14 
8 
7 
15 
3 
15 
24 
12 
25 
19 
27 
25 
7 
6 
19 
1 
27 
12 
29 
16 
2 
22 
11 
29 
11 
14 
18 
24 
24 
13 
28 
28 
10 
19 
1 
27 
0 
2 
22 
5 
12 
27 
3 
12 
19 
18 
28 
6 
6 
0 
27 
19 
11 
23 
21 
23 
0 
10 
10 
3 
12 
22 
12 
0 
3 
0 
7 
22 
15 
16 
7 
1 
14 
22 
27 
7 
9 
7 
29 
30 
28 
25 
2 
13 
1 
15 
18 
10 
15 
5 
20 
24 
7 
22 
5 
22 
16 
17 
24 
6 
24 
8 
24 
25 
4 
14 
26 
12 
1 
4 
4 
24 
5 
17 
2 
6 
15 
22 
11 
16 
20 
11 
8 
4 
11 
2 
20 
1 
22 
13 
26 
5 
12 
18 
17 
9 
8 
11 
6 
24 
1 
6 
9 
1 
24 
13 
1 
8 
23 
25 
7 
13 
11 
1 
19 
29 
24 
0 
20 
20 
4 
0 
24 
15 
28 
17 
14 
6 
21 
5 
10 
12 
15 
7 
25 
15 
0 
8 
9 
13 
2 
28 
19 
25 
21 
12 
24 
2 
3 
22 
28 
12 
22 
3 
18 
17 
10 
1 
21 
24 
18 
19 
2 
9 
7 
13 
29 
28 
23 
5 
12 
9 
19 
25 
10 
0 
13 
8 
19 
28 
7 
13 
7 
17 
24 
20 
23 
3 
11 
6 
15 
24 
26 
9 
15 
19 
6 
5 
7 
14 
17 
9 
12 
0 
27 
18 
29 
23 
16 
3 
17 
10 
5 
17 
26 
10 
13 
26 
11 
22 
13 
8 
13 
26 
20 
30 
21 
14 
8 
30 
19 
14 
14 
23 
22 
30 
1 
1 
12 
29 
17 
14 
7 
14 
2 
13 
3 
2 
22 
1 
17 
20 
5 
8 
24 
26 
5 
2 
13 
8 
4 
17 
21 
22 
26 
27 
6 
26 
11 
13 
9 
20 
29 
18 
29 
3 
30 
28 
27 
0 
17 
27 
7 
19 
3 
9 
0 
19 
21 
0 
16 
17 
9 
21 
29 
28 
26 
22 
12 
30 
13 
12 
29 
30 
8 
10 
16 
19 
6 
9 
20 
11 
6 
23 
16 
21 
22 
12 
26 
5 
28 
24 
25 
12 
13 
14 
26 
3 
21 
12 
26 
26 
17 
0 
22 
5 
19 
0 
26 
0 
27 
28 
4 
15 
7 
16 
0 
22 
25 
25 
30 
2 
27 
13 
8 
14 
8 
27 
18 
10 
0 
22 
13 
11 
