0 
19 
22 
13 
16 
5 
5 
1 
21 
11 
6 
5 
27 
4 
20 
9 
28 
25 
25 
20 
29 
6 
6 
27 
7 
15 
21 
7 
19 
14 
29 
29 
4 
29 
16 
26 
28 
30 
30 
10 
14 
19 
25 
12 
9 
25 
1 
4 
0 
7 
2 
22 
30 
24 
22 
2 
27 
19 
27 
9 
5 
30 
30 
3 
15 
21 
29 
7 
2 
20 
6 
20 
6 
27 
17 
29 
27 
16 
4 
17 
10 
3 
28 
16 
26 
4 
0 
17 
9 
9 
27 
11 
2 
26 
7 
5 
17 
17 
8 
27 
26 
26 
14 
19 
9 
23 
8 
15 
20 
29 
11 
17 
10 
18 
3 
10 
28 
12 
29 
3 
9 
30 
23 
30 
26 
5 
7 
1 
9 
28 
14 
3 
23 
19 
21 
15 
8 
20 
7 
3 
14 
23 
21 
23 
7 
2 
2 
12 
8 
26 
1 
3 
29 
9 
29 
30 
14 
11 
2 
14 
5 
9 
2 
28 
9 
16 
10 
19 
13 
30 
25 
12 
20 
20 
3 
14 
4 
0 
13 
21 
30 
3 
1 
9 
13 
1 
8 
13 
19 
14 
8 
19 
23 
22 
22 
6 
25 
25 
15 
8 
24 
0 
14 
17 
0 
2 
28 
28 
19 
4 
25 
25 
15 
17 
4 
21 
3 
6 
16 
7 
8 
4 
25 
18 
21 
9 
22 
28 
30 
9 
29 
18 
8 
13 
25 
25 
16 
1 
28 
9 
6 
4 
21 
19 
8 
24 
1 
29 
27 
19 
7 
11 
23 
12 
29 
13 
20 
30 
21 
7 
6 
0 
5 
27 
24 
29 
7 
23 
18 
11 
15 
15 
26 
21 
21 
13 
1 
27 
17 
23 
7 
19 
14 
20 
6 
26 
14 
25 
12 
3 
27 
29 
24 
11 
1 
23 
28 
23 
2 
26 
25 
30 
25 
22 
21 
11 
28 
1 
3 
14 
20 
2 
5 
8 
8 
11 
14 
8 
16 
12 
28 
5 
16 
7 
22 
2 
0 
1 
10 
18 
26 
20 
1 
0 
3 
20 
8 
4 
9 
29 
19 
9 
12 
26 
19 
22 
16 
19 
17 
22 
21 
28 
4 
29 
27 
19 
4 
14 
4 
17 
9 
17 
19 
12 
10 
30 
11 
25 
20 
0 
11 
23 
21 
16 
3 
15 
18 
14 
8 
30 
23 
5 
5 
26 
7 
14 
22 
7 
16 
27 
22 
26 
25 
24 
21 
3 
5 
28 
0 
2 
13 
0 
15 
22 
1 
23 
16 
5 
30 
5 
26 
3 
3 
11 
4 
17 
18 
15 
13 
13 
26 
8 
6 
18 
13 
9 
0 
16 
12 
26 
19 
20 
21 
3 
1 
29 
14 
16 
15 
27 
17 
1 
7 
0 
4 
18 
12 
24 
20 
4 
4 
10 
2 
0 
14 
19 
5 
10 
3 
25 
22 
28 
3 
24 
20 
14 
17 
1 
30 
7 
13 
16 
20 
22 
28 
17 
4 
16 
2 
29 
8 
28 
21 
10 
10 
10 
2 
19 
8 
4 
2 
19 
16 
18 
11 
22 
7 
8 
25 
28 
5 
10 
3 
28 
16 
24 
20 
18 
19 
16 
3 
30 
25 
26 
22 
18 
21 
23 
7 
24 
23 
9 
4 
17 
28 
9 
28 
3 
12 
11 
2 
15 
24 
9 
16 
1 
28 
26 
20 
2 
19 
19 
21 
18 
0 
10 
22 
30 
8 
4 
0 
21 
27 
18 
5 
21 
5 
24 
20 
7 
3 
26 
24 
10 
30 
18 
12 
28 
14 
20 
0 
17 
30 
7 
30 
9 
30 
17 
5 
1 
27 
1 
19 
2 
29 
26 
23 
6 
1 
18 
12 
10 
30 
7 
28 
15 
6 
1 
3 
17 
29 
21 
25 
15 
16 
0 
6 
12 
1 
16 
8 
4 
15 
18 
0 
0 
11 
21 
18 
21 
0 
22 
7 
29 
16 
19 
26 
16 
20 
7 
4 
4 
3 
29 
6 
22 
30 
7 
19 
27 
24 
24 
11 
24 
28 
18 
8 
20 
3 
23 
27 
10 
16 
8 
17 
26 
2 
13 
4 
5 
5 
30 
2 
8 
24 
7 
21 
4 
17 
7 
22 
1 
15 
18 
19 
2 
19 
14 
29 
8 
14 
24 
23 
30 
27 
17 
22 
28 
4 
28 
2 
1 
11 
30 
19 
5 
9 
13 
5 
7 
13 
9 
14 
6 
16 
24 
5 
7 
7 
28 
25 
14 
22 
14 
1 
8 
9 
25 
16 
7 
13 
21 
15 
4 
28 
9 
20 
23 
4 
1 
4 
4 
19 
28 
1 
3 
29 
11 
11 
8 
16 
13 
16 
22 
20 
15 
22 
7 
2 
11 
29 
30 
4 
30 
22 
21 
11 
2 
1 
7 
20 
26 
6 
3 
21 
3 
4 
30 
4 
12 
1 
21 
13 
22 
19 
27 
26 
24 
29 
8 
5 
28 
11 
7 
13 
28 
25 
23 
29 
21 
13 
4 
0 
24 
29 
8 
0 
6 
28 
3 
26 
21 
3 
14 
13 
28 
16 
3 
26 
2 
4 
9 
12 
15 
13 
10 
18 
8 
3 
17 
20 
5 
21 
19 
28 
11 
25 
19 
18 
11 
10 
30 
20 
10 
14 
6 
13 
18 
28 
0 
2 
5 
22 
10 
4 
5 
13 
9 
23 
20 
9 
10 
18 
27 
13 
16 
21 
7 
28 
22 
19 
28 
22 
26 
5 
13 
17 
22 
20 
29 
28 
2 
15 
1 
9 
2 
4 
23 
13 
28 
25 
7 
6 
19 
1 
26 
8 
7 
23 
18 
25 
5 
9 
18 
25 
17 
16 
6 
23 
8 
7 
4 
23 
9 
26 
14 
14 
0 
24 
23 
2 
18 
4 
23 
28 
6 
16 
23 
23 
10 
11 
17 
8 
22 
15 
8 
13 
3 
30 
0 
16 
16 
19 
27 
23 
28 
25 
23 
14 
21 
19 
20 
15 
25 
26 
22 
0 
21 
9 
2 
26 
12 
23 
2 
28 
30 
3 
7 
6 
1 
8 
16 
4 
15 
16 
28 
13 
10 
27 
18 
13 
11 
14 
28 
4 
14 
26 
8 
13 
14 
0 
4 
14 
9 
1 
0 
24 
4 
4 
13 
15 
17 
21 
6 
11 
5 
8 
28 
28 
18 
23 
9 
9 
26 
23 
5 
0 
18 
25 
6 
16 
16 
3 
3 
24 
5 
14 
10 
20 
7 
30 
21 
3 
10 
26 
12 
6 
27 
25 
2 
19 
26 
6 
13 
25 
28 
18 
8 
0 
19 
19 
12 
18 
0 
12 
6 
10 
1 
10 
22 
19 
30 
6 
6 
20 
2 
20 
14 
8 
24 
0 
10 
10 
25 
18 
11 
27 
6 
26 
4 
28 
18 
3 
1 
10 
3 
15 
20 
19 
9 
1 
1 
13 
6 
10 
18 
24 
28 
23 
29 
19 
17 
30 
2 
10 
7 
0 
30 
9 
11 
22 
12 
22 
14 
16 
27 
20 
0 
1 
7 
27 
25 
30 
26 
22 
30 
20 
11 
28 
22 
20 
10 
3 
17 
20 
14 
5 
14 
3 
25 
27 
4 
16 
3 
15 
17 
24 
5 
3 
23 
20 
19 
8 
18 
1 
15 
19 
2 
4 
1 
2 
14 
2 
0 
5 
16 
20 
26 
18 
10 
28 
5 
4 
14 
0 
5 
27 
7 
4 
23 
19 
15 
23 
12 
13 
24 
28 
10 
12 
0 
22 
0 
16 
14 
16 
23 
30 
4 
17 
30 
23 
27 
24 
5 
3 
19 
1 
13 
30 
10 
27 
3 
1 
13 
16 
24 
0 
18 
12 
15 
19 
24 
24 
4 
11 
19 
14 
9 
14 
1 
6 
15 
3 
4 
7 
5 
7 
9 
3 
14 
10 
18 
3 
12 
7 
15 
3 
16 
3 
17 
12 
13 
17 
8 
12 
2 
21 
2 
24 
3 
18 
2 
20 
21 
22 
11 
19 
14 
30 
17 
4 
4 
27 
13 
10 
10 
26 
2 
16 
14 
6 
2 
7 
7 
11 
6 
4 
12 
24 
3 
30 
15 
2 
12 
2 
22 
19 
4 
26 
16 
4 
13 
17 
5 
1 
15 
2 
17 
11 
6 
25 
19 
29 
1 
20 
27 
0 
8 
8 
16 
26 
1 
23 
13 
23 
26 
7 
15 
21 
20 
