20 
7 
21 
27 
3 
7 
22 
5 
7 
21 
30 
30 
9 
19 
24 
8 
1 
3 
17 
16 
27 
1 
4 
8 
2 
28 
13 
30 
0 
1 
30 
11 
3 
27 
2 
25 
23 
15 
27 
2 
19 
0 
30 
16 
0 
22 
14 
22 
19 
20 
11 
15 
1 
18 
8 
6 
14 
2 
4 
13 
23 
13 
15 
13 
1 
10 
4 
0 
6 
21 
24 
26 
21 
6 
3 
7 
8 
30 
28 
12 
14 
18 
28 
6 
29 
14 
6 
27 
7 
25 
4 
14 
7 
7 
5 
4 
19 
15 
21 
20 
1 
14 
30 
21 
5 
13 
6 
26 
20 
13 
5 
1 
16 
16 
5 
27 
2 
16 
26 
6 
25 
9 
12 
30 
30 
22 
4 
20 
7 
9 
24 
22 
5 
25 
18 
5 
10 
0 
9 
3 
28 
0 
2 
27 
21 
15 
7 
16 
15 
26 
24 
25 
3 
11 
24 
10 
25 
16 
10 
8 
24 
27 
19 
0 
21 
4 
23 
2 
21 
5 
15 
11 
21 
21 
3 
7 
22 
9 
24 
17 
12 
16 
8 
15 
7 
12 
1 
17 
12 
0 
3 
6 
20 
14 
6 
17 
17 
8 
4 
15 
10 
25 
26 
3 
10 
1 
4 
0 
23 
29 
2 
9 
21 
28 
10 
4 
3 
11 
13 
24 
23 
17 
11 
22 
10 
25 
16 
21 
0 
29 
27 
0 
4 
3 
27 
5 
11 
15 
10 
14 
12 
16 
30 
10 
22 
7 
22 
26 
2 
3 
17 
6 
22 
4 
23 
27 
23 
7 
18 
19 
13 
11 
24 
3 
19 
8 
14 
21 
7 
0 
21 
21 
5 
5 
18 
3 
14 
29 
26 
16 
21 
22 
1 
16 
10 
23 
0 
11 
16 
10 
10 
30 
21 
3 
8 
4 
4 
1 
20 
7 
9 
7 
9 
21 
6 
21 
0 
18 
3 
26 
26 
2 
5 
11 
12 
0 
0 
12 
20 
1 
10 
5 
22 
3 
24 
20 
19 
3 
16 
19 
19 
15 
4 
28 
14 
1 
16 
12 
21 
13 
18 
16 
29 
21 
22 
12 
22 
4 
18 
8 
27 
29 
27 
29 
2 
5 
4 
23 
5 
30 
15 
7 
16 
1 
24 
9 
2 
30 
22 
2 
20 
12 
22 
23 
30 
9 
16 
20 
11 
12 
26 
30 
3 
21 
22 
4 
16 
4 
14 
11 
8 
22 
17 
28 
4 
6 
5 
7 
19 
12 
15 
27 
13 
9 
8 
20 
30 
22 
20 
0 
20 
7 
13 
28 
9 
30 
7 
4 
4 
14 
3 
0 
14 
22 
25 
0 
9 
16 
16 
29 
5 
19 
5 
25 
15 
26 
15 
29 
21 
20 
11 
24 
4 
16 
28 
3 
22 
15 
22 
6 
26 
21 
13 
17 
17 
25 
6 
5 
28 
4 
9 
11 
17 
19 
18 
0 
22 
8 
0 
12 
23 
0 
18 
28 
22 
5 
30 
21 
5 
18 
16 
19 
0 
25 
12 
4 
5 
5 
19 
1 
4 
8 
19 
28 
22 
4 
8 
20 
19 
26 
10 
11 
12 
1 
29 
19 
26 
25 
16 
17 
22 
16 
30 
8 
23 
7 
8 
24 
9 
4 
16 
15 
0 
29 
24 
24 
13 
17 
21 
3 
19 
11 
29 
20 
6 
23 
17 
3 
9 
17 
10 
15 
20 
7 
24 
8 
14 
16 
4 
10 
12 
0 
17 
0 
1 
21 
8 
16 
5 
13 
30 
26 
21 
12 
15 
5 
13 
20 
9 
1 
17 
7 
15 
13 
22 
30 
19 
9 
13 
11 
7 
5 
16 
4 
4 
11 
13 
25 
29 
17 
5 
17 
19 
26 
1 
18 
29 
12 
8 
18 
7 
10 
7 
2 
9 
22 
6 
30 
11 
19 
26 
6 
0 
23 
5 
5 
16 
18 
5 
5 
4 
8 
29 
8 
3 
25 
1 
16 
5 
29 
26 
17 
6 
17 
14 
0 
0 
29 
17 
27 
4 
18 
10 
23 
1 
20 
22 
15 
8 
28 
10 
8 
6 
10 
11 
18 
6 
14 
8 
23 
20 
29 
8 
4 
13 
22 
18 
16 
24 
6 
2 
25 
12 
6 
1 
28 
27 
23 
19 
23 
19 
12 
23 
6 
1 
9 
18 
19 
9 
16 
23 
1 
10 
2 
3 
25 
19 
14 
16 
27 
22 
7 
5 
26 
29 
11 
5 
10 
1 
14 
30 
23 
4 
1 
11 
10 
3 
10 
11 
1 
20 
22 
23 
16 
3 
11 
11 
20 
15 
27 
1 
7 
1 
19 
26 
19 
3 
14 
6 
16 
5 
4 
30 
12 
10 
20 
17 
23 
26 
3 
2 
20 
8 
21 
20 
5 
30 
10 
18 
10 
15 
24 
0 
4 
1 
6 
13 
29 
11 
8 
26 
18 
14 
25 
21 
9 
30 
5 
25 
27 
20 
25 
29 
17 
22 
7 
14 
4 
19 
2 
25 
8 
15 
30 
15 
30 
2 
5 
16 
2 
10 
6 
1 
19 
27 
14 
12 
21 
4 
25 
14 
12 
11 
14 
17 
14 
19 
20 
9 
27 
14 
22 
14 
24 
27 
5 
7 
12 
8 
19 
22 
22 
8 
17 
0 
4 
19 
8 
13 
0 
0 
16 
30 
21 
16 
1 
21 
24 
14 
24 
23 
13 
8 
11 
24 
15 
10 
25 
25 
17 
27 
5 
13 
4 
12 
22 
1 
22 
0 
22 
4 
26 
5 
21 
11 
7 
24 
20 
8 
2 
9 
15 
4 
0 
21 
22 
22 
23 
4 
24 
12 
7 
21 
23 
19 
23 
22 
5 
22 
14 
21 
3 
14 
16 
1 
0 
2 
17 
0 
27 
30 
5 
8 
2 
9 
14 
13 
21 
19 
2 
10 
29 
30 
7 
0 
28 
23 
30 
28 
10 
19 
0 
11 
0 
15 
27 
15 
27 
26 
14 
15 
8 
9 
23 
15 
18 
4 
27 
3 
1 
10 
10 
29 
2 
18 
7 
17 
5 
23 
2 
1 
20 
16 
5 
29 
11 
15 
12 
21 
16 
30 
14 
12 
21 
2 
8 
0 
18 
5 
10 
24 
17 
3 
3 
4 
3 
4 
1 
10 
30 
27 
4 
4 
11 
19 
15 
1 
7 
6 
9 
4 
24 
26 
27 
7 
15 
30 
17 
0 
27 
13 
11 
3 
0 
15 
6 
4 
28 
30 
4 
3 
5 
29 
4 
2 
25 
9 
3 
18 
10 
6 
1 
30 
0 
9 
17 
30 
19 
28 
7 
14 
14 
0 
28 
25 
6 
7 
27 
7 
16 
15 
30 
29 
19 
11 
6 
29 
17 
28 
15 
13 
26 
3 
21 
15 
22 
25 
5 
1 
2 
0 
16 
6 
27 
26 
26 
24 
30 
27 
8 
14 
10 
24 
12 
11 
26 
7 
7 
24 
0 
5 
1 
10 
0 
4 
16 
27 
8 
25 
6 
22 
11 
27 
11 
17 
7 
11 
7 
2 
23 
1 
23 
16 
24 
1 
27 
29 
22 
21 
7 
26 
2 
7 
4 
10 
6 
16 
13 
18 
28 
26 
20 
7 
3 
30 
3 
17 
28 
10 
17 
12 
22 
8 
30 
7 
17 
16 
25 
20 
28 
3 
17 
23 
2 
21 
10 
4 
16 
30 
2 
0 
6 
23 
7 
10 
14 
23 
8 
6 
29 
5 
22 
12 
1 
13 
8 
19 
17 
25 
2 
18 
10 
11 
11 
28 
19 
29 
0 
18 
4 
28 
14 
13 
28 
19 
1 
11 
15 
30 
20 
27 
14 
20 
19 
18 
19 
27 
10 
6 
7 
28 
28 
1 
19 
16 
3 
8 
30 
2 
30 
27 
23 
18 
5 
21 
18 
23 
22 
7 
30 
22 
29 
1 
3 
11 
5 
6 
0 
20 
16 
13 
2 
23 
5 
4 
2 
19 
9 
16 
1 
0 
7 
6 
8 
24 
24 
26 
22 
3 
23 
