20 
25 
0 
1 
26 
30 
3 
8 
7 
12 
8 
13 
6 
18 
17 
18 
4 
3 
21 
10 
13 
19 
5 
26 
20 
2 
3 
20 
7 
29 
16 
17 
18 
23 
20 
12 
7 
24 
17 
0 
28 
29 
14 
15 
15 
1 
3 
4 
21 
15 
12 
1 
15 
17 
0 
18 
7 
20 
26 
4 
19 
25 
15 
13 
10 
17 
7 
1 
7 
24 
1 
6 
30 
0 
17 
25 
4 
15 
2 
27 
7 
20 
28 
2 
27 
16 
14 
0 
7 
22 
14 
29 
13 
4 
12 
27 
11 
30 
5 
21 
22 
0 
7 
22 
3 
5 
10 
17 
28 
12 
0 
7 
10 
6 
16 
30 
9 
17 
10 
7 
0 
17 
2 
1 
29 
24 
19 
7 
22 
19 
14 
29 
29 
16 
22 
28 
7 
11 
29 
9 
4 
5 
5 
19 
19 
1 
18 
29 
18 
1 
1 
9 
0 
1 
5 
27 
22 
26 
4 
27 
7 
24 
22 
7 
15 
27 
14 
4 
23 
0 
10 
26 
1 
0 
14 
21 
6 
20 
2 
4 
1 
21 
14 
26 
5 
19 
8 
30 
5 
30 
10 
26 
13 
9 
0 
8 
21 
30 
21 
30 
24 
20 
21 
23 
26 
20 
7 
2 
22 
9 
1 
16 
11 
3 
27 
5 
3 
11 
17 
6 
15 
7 
24 
6 
10 
13 
20 
26 
9 
15 
15 
7 
0 
14 
30 
23 
2 
7 
13 
24 
26 
3 
11 
1 
30 
29 
28 
21 
12 
1 
0 
10 
0 
29 
0 
28 
13 
15 
29 
28 
11 
5 
14 
19 
3 
1 
5 
23 
19 
4 
21 
6 
20 
2 
15 
5 
30 
28 
23 
2 
1 
4 
15 
15 
13 
0 
24 
30 
12 
19 
27 
10 
21 
11 
13 
16 
6 
1 
8 
25 
27 
3 
3 
1 
17 
12 
9 
15 
27 
13 
30 
14 
1 
25 
8 
26 
12 
22 
25 
6 
11 
17 
10 
21 
13 
4 
30 
28 
9 
0 
13 
13 
23 
24 
16 
20 
20 
8 
19 
5 
28 
20 
29 
19 
14 
3 
10 
9 
9 
24 
1 
7 
14 
6 
23 
13 
23 
30 
6 
14 
19 
21 
9 
1 
28 
0 
26 
14 
6 
26 
21 
23 
28 
27 
7 
22 
22 
26 
29 
29 
17 
20 
16 
5 
9 
11 
17 
0 
22 
9 
6 
24 
15 
6 
7 
29 
6 
26 
12 
2 
6 
25 
1 
25 
29 
6 
18 
25 
23 
9 
2 
23 
30 
15 
11 
20 
4 
18 
18 
20 
13 
0 
3 
17 
3 
26 
28 
29 
18 
12 
29 
13 
2 
21 
13 
15 
2 
13 
15 
23 
19 
25 
3 
6 
5 
18 
19 
6 
29 
1 
22 
30 
16 
7 
0 
20 
21 
21 
0 
25 
2 
23 
28 
5 
14 
1 
4 
14 
2 
28 
18 
23 
29 
24 
6 
19 
5 
24 
3 
2 
14 
25 
29 
29 
5 
1 
30 
28 
22 
18 
4 
19 
5 
27 
26 
4 
26 
22 
26 
5 
14 
26 
5 
11 
5 
30 
23 
1 
20 
16 
9 
23 
10 
17 
30 
28 
25 
13 
12 
25 
21 
17 
29 
27 
23 
10 
2 
14 
16 
14 
2 
19 
26 
28 
11 
25 
5 
16 
25 
6 
15 
16 
11 
16 
27 
13 
21 
30 
19 
1 
0 
20 
13 
21 
23 
24 
11 
4 
28 
24 
12 
26 
11 
3 
1 
5 
4 
29 
18 
16 
13 
23 
2 
1 
12 
23 
15 
29 
17 
17 
24 
16 
9 
10 
23 
0 
2 
9 
27 
3 
7 
28 
19 
7 
29 
1 
16 
14 
28 
4 
25 
8 
3 
14 
12 
17 
10 
1 
3 
13 
12 
27 
8 
9 
0 
22 
1 
13 
3 
19 
30 
22 
8 
20 
11 
27 
6 
17 
3 
1 
19 
7 
21 
8 
29 
12 
5 
15 
29 
30 
12 
22 
11 
13 
30 
17 
29 
7 
30 
11 
24 
14 
2 
23 
5 
19 
0 
22 
15 
17 
9 
1 
9 
6 
4 
1 
4 
6 
11 
6 
22 
18 
21 
18 
8 
2 
23 
17 
22 
14 
13 
18 
0 
25 
11 
11 
0 
13 
20 
19 
9 
18 
16 
25 
3 
19 
25 
26 
9 
18 
10 
4 
4 
27 
5 
11 
29 
4 
1 
29 
21 
10 
5 
15 
20 
3 
6 
23 
3 
1 
24 
13 
22 
4 
4 
28 
1 
1 
27 
29 
9 
25 
30 
25 
8 
7 
13 
13 
7 
9 
25 
23 
4 
3 
28 
29 
20 
8 
26 
11 
18 
24 
28 
22 
8 
15 
18 
22 
6 
18 
8 
6 
15 
2 
4 
11 
14 
14 
22 
11 
18 
2 
6 
11 
26 
11 
14 
9 
10 
23 
6 
4 
21 
19 
30 
12 
20 
25 
20 
19 
27 
3 
0 
4 
12 
26 
25 
2 
28 
7 
22 
9 
11 
4 
21 
30 
21 
19 
4 
1 
14 
22 
16 
23 
3 
7 
20 
0 
26 
24 
5 
28 
7 
15 
3 
10 
5 
26 
16 
27 
14 
28 
1 
15 
3 
26 
6 
24 
12 
23 
22 
8 
24 
14 
18 
26 
20 
14 
19 
25 
30 
8 
16 
27 
27 
3 
16 
0 
30 
13 
18 
10 
10 
19 
28 
10 
0 
27 
29 
17 
25 
24 
26 
24 
2 
26 
17 
23 
27 
22 
8 
8 
8 
5 
0 
5 
30 
21 
18 
18 
6 
18 
27 
23 
19 
16 
9 
10 
30 
11 
7 
3 
0 
28 
24 
29 
26 
24 
1 
26 
19 
21 
17 
25 
8 
18 
9 
24 
11 
4 
2 
21 
11 
3 
2 
28 
5 
30 
10 
1 
3 
19 
14 
12 
3 
22 
3 
13 
4 
11 
14 
6 
21 
17 
29 
4 
8 
24 
9 
21 
21 
23 
27 
5 
25 
8 
19 
22 
20 
16 
0 
29 
16 
20 
0 
1 
0 
4 
10 
22 
4 
30 
2 
2 
6 
12 
13 
28 
14 
17 
13 
26 
28 
13 
26 
11 
0 
1 
24 
18 
7 
29 
3 
17 
28 
21 
20 
22 
17 
27 
25 
6 
25 
28 
12 
23 
12 
22 
18 
24 
7 
18 
5 
7 
28 
25 
5 
26 
19 
17 
2 
9 
4 
12 
20 
13 
27 
25 
17 
12 
4 
27 
24 
22 
21 
8 
10 
9 
14 
29 
15 
14 
2 
29 
29 
24 
24 
2 
15 
22 
25 
25 
27 
3 
24 
30 
2 
24 
19 
14 
10 
28 
27 
9 
18 
8 
6 
8 
5 
12 
14 
4 
22 
17 
6 
15 
20 
20 
3 
17 
0 
27 
25 
28 
29 
1 
7 
23 
0 
25 
10 
20 
5 
25 
6 
26 
12 
11 
2 
3 
17 
18 
0 
18 
27 
28 
20 
19 
27 
9 
15 
14 
14 
6 
18 
25 
16 
10 
15 
27 
21 
15 
11 
12 
2 
15 
0 
14 
23 
19 
5 
2 
20 
21 
23 
3 
18 
13 
14 
21 
27 
24 
8 
20 
18 
14 
21 
1 
7 
11 
6 
4 
5 
24 
21 
8 
7 
26 
13 
22 
21 
20 
28 
15 
7 
17 
27 
3 
20 
23 
29 
12 
30 
12 
13 
26 
17 
21 
16 
17 
6 
20 
19 
4 
8 
8 
18 
0 
25 
10 
21 
29 
10 
17 
1 
17 
13 
6 
9 
16 
