5 
11 
2 
20 
23 
11 
22 
18 
1 
23 
18 
2 
21 
18 
8 
6 
21 
6 
12 
18 
0 
2 
29 
29 
11 
13 
27 
3 
10 
2 
14 
21 
27 
5 
15 
22 
16 
23 
25 
18 
2 
30 
27 
2 
21 
24 
19 
7 
7 
10 
4 
4 
25 
13 
10 
5 
18 
20 
28 
0 
27 
17 
26 
2 
16 
22 
22 
10 
5 
27 
12 
23 
19 
28 
6 
28 
18 
6 
27 
27 
25 
6 
24 
16 
17 
9 
16 
4 
0 
26 
18 
25 
23 
22 
11 
8 
11 
17 
1 
21 
28 
13 
5 
11 
5 
29 
2 
24 
26 
27 
28 
27 
15 
30 
15 
10 
30 
30 
30 
9 
19 
2 
29 
1 
7 
10 
16 
30 
2 
30 
23 
30 
29 
30 
4 
8 
12 
20 
5 
15 
8 
12 
12 
10 
3 
13 
6 
11 
17 
22 
18 
9 
30 
6 
19 
28 
24 
27 
7 
29 
26 
21 
19 
5 
1 
10 
4 
26 
0 
17 
19 
25 
2 
0 
17 
11 
8 
18 
24 
9 
5 
9 
26 
23 
15 
23 
16 
19 
8 
13 
3 
9 
3 
17 
8 
21 
26 
9 
3 
22 
2 
0 
10 
20 
1 
5 
5 
1 
19 
8 
1 
28 
0 
17 
10 
12 
11 
5 
12 
25 
6 
20 
0 
6 
20 
2 
29 
1 
0 
19 
14 
0 
11 
17 
25 
16 
23 
1 
24 
2 
3 
5 
26 
10 
30 
17 
29 
8 
9 
4 
27 
22 
16 
16 
10 
23 
22 
27 
22 
18 
13 
3 
5 
6 
30 
14 
23 
17 
28 
2 
3 
28 
8 
29 
28 
10 
23 
29 
30 
14 
10 
12 
7 
0 
8 
20 
25 
5 
18 
1 
15 
24 
23 
12 
18 
4 
22 
28 
6 
23 
12 
8 
16 
13 
29 
29 
9 
16 
20 
2 
21 
5 
28 
28 
19 
29 
3 
24 
20 
13 
18 
3 
27 
6 
17 
17 
2 
20 
15 
16 
12 
25 
17 
25 
9 
3 
28 
28 
11 
27 
16 
0 
13 
8 
6 
16 
14 
22 
18 
2 
29 
26 
15 
11 
11 
16 
20 
13 
10 
3 
26 
17 
24 
21 
30 
17 
28 
26 
1 
24 
5 
2 
5 
22 
7 
11 
8 
11 
2 
17 
7 
7 
18 
18 
22 
27 
25 
2 
11 
22 
17 
1 
7 
26 
21 
22 
9 
22 
10 
5 
22 
19 
21 
21 
12 
3 
17 
2 
24 
18 
27 
18 
12 
29 
25 
27 
24 
15 
4 
12 
29 
4 
22 
24 
18 
13 
26 
16 
24 
15 
0 
23 
9 
25 
5 
30 
5 
14 
22 
21 
14 
22 
27 
9 
26 
20 
7 
28 
3 
12 
21 
22 
2 
17 
15 
23 
15 
18 
19 
30 
5 
28 
23 
2 
18 
18 
29 
6 
1 
18 
23 
7 
21 
2 
28 
24 
22 
8 
30 
25 
11 
1 
15 
2 
28 
18 
16 
5 
26 
25 
10 
18 
29 
27 
30 
17 
27 
29 
20 
3 
11 
6 
14 
17 
16 
12 
4 
2 
25 
11 
30 
30 
18 
24 
7 
15 
17 
26 
17 
22 
26 
28 
20 
18 
21 
18 
2 
1 
4 
9 
26 
10 
16 
5 
17 
15 
21 
27 
26 
0 
17 
16 
23 
13 
0 
22 
25 
11 
29 
0 
2 
23 
8 
20 
8 
7 
3 
17 
25 
2 
5 
16 
24 
22 
13 
19 
26 
20 
25 
21 
19 
14 
12 
16 
12 
10 
14 
13 
6 
29 
7 
21 
10 
21 
17 
0 
17 
21 
12 
8 
5 
20 
28 
10 
10 
10 
14 
8 
19 
18 
5 
14 
29 
16 
19 
22 
18 
4 
10 
25 
28 
12 
5 
1 
8 
20 
15 
30 
5 
19 
2 
29 
2 
22 
4 
16 
18 
5 
3 
29 
3 
20 
28 
9 
10 
24 
2 
19 
28 
14 
6 
23 
12 
27 
3 
8 
17 
12 
7 
6 
24 
27 
25 
12 
29 
0 
11 
29 
14 
2 
22 
27 
19 
14 
27 
5 
16 
0 
24 
10 
0 
4 
29 
16 
9 
16 
15 
16 
28 
24 
25 
30 
22 
21 
17 
22 
0 
29 
1 
13 
11 
13 
21 
14 
17 
13 
8 
29 
13 
28 
22 
0 
7 
22 
12 
8 
6 
28 
21 
13 
29 
10 
16 
7 
7 
13 
20 
30 
15 
23 
30 
28 
18 
7 
9 
21 
25 
7 
30 
22 
10 
18 
13 
9 
9 
23 
4 
15 
6 
24 
18 
15 
8 
29 
6 
24 
0 
6 
24 
30 
29 
27 
20 
24 
22 
26 
2 
12 
22 
11 
11 
18 
25 
8 
2 
4 
4 
25 
7 
0 
4 
14 
29 
24 
24 
0 
14 
7 
27 
19 
29 
2 
13 
11 
27 
28 
12 
25 
16 
17 
9 
16 
3 
2 
3 
26 
25 
9 
29 
11 
27 
30 
12 
16 
7 
10 
26 
30 
24 
18 
4 
5 
18 
7 
13 
1 
15 
21 
1 
0 
25 
14 
24 
12 
6 
5 
4 
21 
22 
11 
3 
5 
4 
15 
1 
25 
24 
13 
19 
5 
27 
23 
17 
6 
17 
17 
16 
24 
7 
2 
25 
5 
26 
7 
22 
25 
19 
16 
27 
13 
2 
19 
17 
28 
27 
12 
23 
15 
5 
15 
13 
9 
21 
17 
12 
21 
22 
6 
28 
26 
10 
5 
13 
11 
20 
5 
15 
1 
6 
26 
16 
4 
0 
29 
13 
20 
23 
30 
27 
3 
7 
9 
6 
23 
10 
24 
5 
22 
12 
24 
11 
21 
27 
1 
17 
6 
4 
0 
30 
25 
10 
23 
5 
12 
28 
9 
11 
30 
0 
0 
30 
9 
0 
0 
14 
24 
7 
0 
29 
14 
23 
4 
30 
28 
25 
21 
2 
27 
18 
25 
1 
16 
23 
21 
24 
14 
3 
13 
30 
24 
8 
3 
21 
3 
13 
3 
11 
2 
28 
7 
0 
26 
8 
22 
16 
14 
2 
9 
2 
11 
23 
30 
4 
3 
17 
9 
18 
18 
11 
12 
6 
14 
28 
28 
2 
3 
28 
7 
5 
24 
16 
7 
1 
1 
13 
3 
7 
24 
30 
23 
29 
24 
19 
6 
0 
23 
19 
20 
16 
2 
8 
14 
12 
25 
5 
22 
6 
5 
20 
0 
15 
12 
23 
17 
27 
6 
9 
16 
28 
13 
22 
30 
10 
17 
15 
22 
17 
21 
1 
12 
27 
12 
2 
3 
26 
27 
13 
3 
28 
4 
15 
22 
12 
19 
27 
13 
1 
1 
26 
1 
1 
8 
8 
0 
5 
28 
15 
16 
11 
11 
2 
0 
22 
25 
24 
13 
12 
22 
7 
16 
27 
23 
3 
12 
17 
26 
22 
8 
4 
21 
2 
15 
30 
2 
30 
1 
12 
18 
18 
23 
30 
10 
8 
1 
13 
14 
3 
19 
25 
24 
12 
25 
16 
17 
29 
6 
21 
6 
10 
4 
7 
11 
5 
5 
0 
27 
28 
19 
25 
7 
