28 
23 
25 
7 
18 
24 
15 
11 
12 
16 
19 
1 
25 
7 
23 
21 
12 
19 
16 
4 
30 
17 
26 
7 
16 
11 
14 
0 
19 
27 
23 
2 
1 
1 
12 
24 
16 
22 
24 
14 
4 
27 
15 
2 
7 
1 
0 
19 
4 
6 
24 
12 
16 
7 
18 
4 
25 
9 
13 
20 
7 
25 
8 
4 
22 
28 
12 
13 
13 
0 
21 
19 
4 
29 
11 
30 
25 
20 
21 
3 
29 
11 
1 
8 
11 
11 
19 
23 
16 
12 
5 
6 
2 
3 
18 
21 
4 
4 
10 
20 
14 
16 
14 
3 
28 
2 
14 
13 
0 
10 
27 
26 
23 
18 
21 
5 
6 
28 
5 
26 
23 
10 
5 
15 
26 
26 
3 
22 
12 
8 
1 
30 
23 
29 
25 
4 
30 
29 
16 
0 
18 
28 
5 
13 
30 
23 
25 
22 
10 
28 
24 
13 
10 
21 
7 
3 
11 
27 
29 
15 
29 
2 
26 
30 
29 
16 
18 
9 
19 
3 
8 
21 
13 
20 
8 
3 
22 
9 
7 
15 
13 
25 
11 
14 
7 
23 
2 
10 
20 
14 
5 
1 
19 
29 
30 
6 
7 
11 
8 
27 
18 
0 
10 
8 
30 
11 
11 
5 
26 
8 
21 
3 
24 
7 
13 
3 
30 
18 
21 
5 
24 
16 
20 
16 
0 
9 
5 
25 
18 
20 
18 
29 
26 
24 
19 
28 
18 
10 
28 
7 
20 
1 
3 
10 
5 
4 
16 
12 
26 
13 
30 
16 
28 
15 
16 
7 
3 
4 
8 
13 
28 
16 
20 
4 
19 
15 
12 
15 
20 
3 
8 
21 
12 
8 
26 
3 
28 
18 
27 
1 
5 
11 
22 
26 
22 
25 
29 
16 
1 
19 
23 
3 
25 
0 
27 
15 
7 
30 
4 
23 
9 
28 
10 
19 
2 
27 
14 
21 
4 
24 
27 
1 
28 
29 
13 
15 
5 
3 
30 
23 
1 
4 
26 
28 
1 
20 
19 
6 
26 
14 
29 
19 
24 
2 
27 
12 
19 
16 
3 
16 
9 
11 
3 
2 
7 
24 
24 
8 
18 
17 
4 
10 
5 
5 
19 
5 
20 
19 
3 
18 
3 
16 
12 
28 
6 
16 
0 
12 
10 
5 
27 
11 
23 
16 
26 
16 
7 
8 
25 
1 
9 
24 
19 
30 
18 
22 
16 
3 
12 
0 
6 
5 
1 
2 
13 
5 
19 
22 
10 
25 
1 
16 
25 
4 
5 
13 
7 
2 
5 
23 
21 
29 
9 
19 
27 
24 
19 
3 
25 
8 
27 
17 
15 
7 
17 
3 
25 
3 
8 
16 
16 
26 
0 
17 
5 
17 
15 
4 
12 
26 
11 
19 
8 
6 
4 
25 
21 
17 
8 
26 
0 
28 
6 
8 
3 
19 
25 
12 
15 
13 
19 
26 
4 
22 
3 
6 
22 
25 
20 
7 
26 
6 
19 
19 
26 
19 
21 
26 
20 
28 
13 
6 
5 
27 
7 
26 
8 
4 
0 
29 
16 
1 
15 
1 
27 
15 
6 
1 
4 
19 
6 
27 
11 
7 
12 
12 
21 
26 
30 
20 
20 
19 
21 
16 
4 
1 
4 
19 
19 
5 
24 
18 
12 
3 
18 
27 
0 
14 
11 
9 
17 
1 
20 
7 
1 
12 
21 
8 
22 
12 
1 
7 
29 
20 
5 
23 
21 
6 
5 
20 
0 
12 
24 
18 
29 
15 
5 
22 
2 
2 
18 
24 
3 
5 
2 
17 
2 
12 
13 
9 
12 
27 
21 
18 
11 
17 
26 
23 
4 
2 
23 
0 
1 
13 
21 
1 
25 
18 
23 
26 
14 
7 
8 
16 
19 
3 
3 
13 
23 
26 
26 
22 
21 
26 
20 
18 
0 
4 
3 
16 
29 
4 
4 
23 
0 
29 
28 
29 
22 
8 
22 
12 
20 
13 
10 
15 
11 
25 
12 
29 
19 
24 
23 
20 
10 
29 
3 
20 
27 
7 
13 
28 
10 
4 
19 
23 
22 
26 
5 
23 
9 
11 
10 
21 
1 
14 
1 
13 
17 
9 
23 
6 
30 
17 
1 
29 
19 
25 
21 
29 
19 
5 
8 
29 
9 
27 
28 
12 
18 
21 
20 
11 
0 
21 
3 
20 
15 
27 
17 
21 
2 
30 
2 
5 
24 
5 
12 
19 
20 
14 
23 
7 
2 
12 
3 
4 
1 
26 
21 
19 
20 
25 
9 
10 
22 
7 
9 
1 
29 
26 
26 
6 
18 
5 
29 
13 
28 
7 
3 
13 
0 
9 
23 
23 
12 
8 
19 
8 
9 
4 
12 
9 
13 
4 
5 
10 
20 
17 
11 
1 
26 
21 
14 
28 
3 
9 
8 
5 
21 
20 
3 
1 
0 
30 
21 
15 
0 
23 
10 
4 
28 
30 
18 
11 
29 
2 
12 
27 
20 
0 
24 
27 
4 
2 
28 
4 
13 
13 
28 
21 
28 
26 
24 
19 
29 
0 
14 
25 
12 
29 
21 
21 
2 
15 
7 
23 
16 
1 
12 
16 
22 
27 
12 
21 
28 
0 
2 
14 
4 
30 
19 
14 
30 
12 
6 
15 
3 
14 
4 
2 
9 
1 
7 
19 
19 
1 
11 
4 
14 
27 
5 
30 
18 
13 
27 
20 
25 
11 
6 
7 
17 
21 
16 
18 
20 
3 
17 
28 
20 
18 
16 
22 
16 
6 
8 
6 
16 
8 
4 
29 
13 
16 
2 
2 
4 
8 
9 
25 
24 
17 
2 
13 
20 
16 
27 
25 
14 
2 
14 
22 
25 
10 
5 
2 
19 
25 
25 
28 
27 
17 
6 
25 
19 
1 
22 
29 
25 
7 
2 
13 
6 
13 
14 
21 
9 
4 
14 
18 
20 
14 
14 
8 
20 
25 
0 
30 
3 
18 
27 
10 
11 
23 
4 
27 
14 
30 
14 
27 
29 
24 
29 
24 
13 
2 
7 
9 
11 
30 
22 
3 
20 
5 
22 
10 
17 
8 
15 
6 
7 
9 
18 
25 
5 
30 
25 
4 
15 
26 
16 
27 
6 
2 
26 
30 
14 
1 
22 
2 
6 
13 
3 
1 
3 
6 
26 
1 
1 
22 
12 
20 
17 
24 
0 
22 
8 
28 
4 
3 
8 
7 
1 
18 
2 
11 
25 
16 
15 
21 
16 
24 
21 
24 
3 
7 
2 
14 
6 
23 
19 
15 
18 
18 
2 
2 
12 
9 
16 
7 
21 
23 
7 
0 
11 
29 
29 
11 
6 
18 
28 
11 
9 
18 
24 
0 
13 
11 
16 
8 
26 
10 
24 
3 
1 
5 
2 
13 
29 
11 
17 
0 
6 
15 
30 
21 
13 
19 
24 
4 
3 
16 
23 
24 
6 
27 
23 
17 
25 
8 
20 
0 
