30 
11 
9 
4 
29 
26 
16 
27 
17 
2 
16 
14 
27 
18 
12 
8 
19 
10 
10 
18 
19 
12 
15 
3 
20 
0 
10 
20 
6 
30 
17 
11 
28 
11 
7 
6 
17 
18 
27 
24 
5 
7 
0 
4 
5 
11 
2 
14 
30 
29 
7 
29 
23 
15 
6 
13 
13 
0 
9 
0 
24 
9 
3 
19 
4 
16 
23 
15 
3 
24 
30 
3 
23 
22 
7 
14 
7 
11 
23 
0 
5 
7 
16 
5 
24 
10 
13 
5 
15 
25 
28 
25 
20 
4 
29 
17 
17 
1 
27 
15 
25 
20 
30 
14 
15 
25 
26 
22 
25 
28 
16 
16 
22 
8 
7 
3 
2 
24 
9 
12 
28 
23 
27 
6 
14 
15 
26 
27 
24 
21 
17 
14 
17 
14 
5 
11 
30 
4 
25 
8 
19 
0 
22 
23 
9 
25 
15 
5 
30 
11 
11 
20 
5 
24 
13 
13 
13 
7 
17 
6 
16 
2 
16 
17 
12 
5 
5 
25 
2 
25 
2 
25 
24 
7 
21 
30 
25 
6 
24 
25 
29 
5 
14 
15 
4 
12 
10 
29 
1 
7 
6 
14 
27 
19 
4 
18 
7 
18 
19 
26 
16 
12 
4 
5 
1 
1 
9 
5 
0 
14 
13 
4 
21 
29 
0 
15 
20 
7 
3 
4 
30 
6 
2 
8 
20 
29 
3 
20 
29 
18 
21 
20 
16 
18 
1 
14 
29 
25 
10 
0 
20 
9 
9 
5 
13 
12 
26 
12 
15 
29 
3 
25 
6 
12 
26 
5 
6 
16 
15 
5 
23 
6 
17 
10 
19 
16 
21 
8 
26 
29 
4 
23 
17 
0 
30 
22 
8 
28 
23 
2 
12 
18 
8 
25 
10 
12 
10 
24 
29 
13 
7 
10 
25 
13 
23 
9 
28 
27 
16 
18 
26 
16 
28 
27 
28 
3 
21 
8 
29 
30 
16 
2 
10 
17 
8 
17 
25 
15 
14 
11 
30 
8 
30 
5 
0 
13 
10 
22 
22 
2 
5 
27 
6 
0 
23 
16 
26 
22 
2 
6 
15 
29 
17 
18 
9 
6 
1 
0 
15 
30 
13 
9 
8 
1 
23 
14 
18 
17 
24 
15 
22 
28 
28 
11 
21 
5 
8 
0 
28 
28 
22 
24 
4 
29 
13 
4 
5 
29 
26 
22 
17 
14 
14 
0 
25 
28 
26 
23 
21 
6 
17 
10 
16 
11 
30 
1 
2 
6 
29 
18 
10 
7 
8 
21 
9 
22 
28 
15 
24 
12 
16 
9 
11 
2 
12 
16 
12 
18 
29 
8 
4 
4 
9 
9 
13 
0 
23 
20 
14 
12 
8 
17 
16 
1 
23 
18 
9 
24 
5 
14 
3 
6 
17 
12 
28 
16 
9 
12 
16 
23 
1 
28 
20 
7 
12 
1 
18 
17 
27 
1 
23 
6 
2 
25 
7 
19 
23 
20 
4 
20 
25 
0 
24 
22 
24 
6 
9 
5 
16 
3 
3 
17 
24 
11 
14 
24 
7 
11 
9 
28 
5 
19 
2 
7 
0 
2 
15 
2 
27 
10 
28 
18 
7 
27 
2 
0 
2 
6 
9 
28 
5 
29 
17 
30 
23 
2 
24 
16 
16 
12 
16 
13 
0 
12 
5 
5 
10 
16 
14 
6 
19 
14 
17 
3 
22 
5 
1 
26 
3 
11 
10 
16 
9 
11 
20 
14 
13 
23 
5 
7 
16 
28 
7 
11 
6 
8 
26 
0 
13 
21 
4 
8 
26 
14 
7 
22 
1 
25 
7 
26 
3 
2 
9 
23 
27 
22 
22 
8 
7 
22 
9 
23 
7 
10 
5 
1 
29 
25 
12 
10 
8 
20 
0 
3 
0 
13 
30 
17 
22 
14 
1 
25 
24 
6 
5 
8 
4 
15 
20 
29 
14 
11 
24 
1 
12 
7 
2 
30 
28 
6 
23 
10 
23 
15 
0 
21 
22 
17 
18 
5 
30 
30 
30 
30 
10 
24 
3 
30 
11 
14 
9 
21 
21 
21 
24 
6 
1 
30 
8 
1 
2 
23 
0 
18 
3 
12 
25 
24 
1 
16 
0 
20 
23 
3 
6 
29 
29 
4 
25 
2 
20 
6 
8 
7 
24 
17 
13 
4 
21 
25 
22 
14 
2 
18 
23 
1 
28 
15 
28 
9 
17 
29 
29 
8 
7 
12 
15 
9 
7 
7 
13 
20 
17 
16 
17 
10 
1 
23 
28 
15 
27 
14 
2 
12 
2 
23 
1 
14 
18 
11 
13 
3 
21 
14 
10 
19 
30 
14 
17 
27 
28 
17 
28 
3 
18 
29 
27 
25 
25 
23 
12 
3 
21 
14 
19 
13 
26 
3 
27 
9 
8 
2 
17 
3 
7 
14 
17 
16 
14 
19 
19 
8 
11 
9 
24 
22 
18 
8 
26 
1 
16 
26 
8 
8 
13 
3 
6 
26 
23 
29 
21 
10 
20 
4 
11 
7 
15 
0 
17 
2 
7 
28 
8 
13 
2 
14 
2 
23 
3 
20 
22 
20 
20 
7 
28 
16 
27 
25 
12 
9 
17 
5 
22 
28 
9 
17 
5 
23 
9 
24 
13 
28 
30 
18 
30 
16 
20 
9 
0 
26 
19 
1 
6 
25 
16 
21 
10 
4 
26 
1 
23 
3 
16 
2 
2 
3 
15 
19 
12 
1 
26 
26 
15 
18 
18 
0 
15 
3 
25 
20 
15 
7 
4 
2 
16 
26 
13 
6 
25 
22 
22 
28 
7 
5 
19 
10 
15 
7 
27 
3 
27 
11 
15 
2 
19 
25 
1 
0 
14 
2 
4 
12 
10 
27 
5 
28 
0 
10 
21 
26 
9 
14 
25 
11 
10 
9 
21 
24 
8 
12 
2 
24 
24 
22 
15 
26 
19 
1 
9 
28 
6 
21 
5 
2 
2 
0 
14 
15 
28 
20 
6 
5 
23 
0 
8 
26 
27 
17 
23 
19 
20 
1 
13 
7 
13 
22 
18 
14 
13 
21 
7 
9 
12 
25 
8 
11 
21 
23 
2 
2 
0 
17 
3 
25 
20 
22 
3 
9 
4 
19 
13 
11 
15 
27 
30 
9 
19 
12 
11 
12 
15 
8 
29 
11 
4 
25 
11 
2 
21 
10 
19 
25 
2 
14 
6 
20 
13 
26 
13 
10 
1 
7 
22 
4 
2 
28 
23 
28 
18 
1 
16 
27 
27 
24 
7 
28 
13 
21 
3 
16 
