13 
0 
15 
5 
22 
22 
25 
25 
10 
28 
17 
27 
17 
21 
3 
17 
27 
5 
3 
28 
15 
16 
25 
27 
14 
7 
14 
7 
30 
30 
28 
8 
22 
13 
29 
0 
4 
19 
28 
27 
25 
23 
11 
5 
9 
14 
8 
12 
19 
27 
11 
22 
21 
13 
24 
12 
24 
2 
13 
27 
3 
4 
6 
0 
19 
19 
23 
1 
10 
30 
26 
17 
5 
24 
14 
7 
7 
30 
15 
14 
12 
27 
19 
1 
27 
28 
22 
6 
2 
4 
0 
15 
30 
27 
9 
4 
11 
2 
18 
7 
8 
29 
0 
30 
20 
12 
29 
27 
26 
2 
21 
2 
29 
23 
7 
9 
16 
19 
4 
19 
7 
7 
0 
21 
16 
9 
21 
30 
19 
9 
25 
26 
15 
15 
10 
12 
14 
22 
17 
27 
21 
6 
1 
28 
3 
6 
14 
12 
10 
21 
1 
17 
10 
4 
21 
27 
5 
11 
30 
3 
23 
10 
13 
3 
4 
27 
24 
30 
29 
21 
7 
12 
16 
2 
18 
24 
30 
0 
7 
0 
24 
2 
28 
18 
3 
12 
11 
3 
2 
19 
28 
17 
27 
2 
13 
15 
30 
9 
22 
12 
2 
3 
4 
10 
18 
11 
30 
20 
28 
9 
5 
24 
28 
17 
7 
22 
19 
26 
23 
0 
30 
23 
25 
26 
5 
8 
18 
26 
2 
18 
16 
10 
25 
15 
25 
2 
16 
25 
26 
25 
8 
18 
17 
20 
23 
4 
0 
25 
20 
28 
7 
21 
30 
25 
11 
0 
20 
8 
21 
29 
11 
5 
15 
29 
28 
25 
6 
7 
9 
14 
9 
14 
22 
17 
3 
3 
10 
22 
10 
9 
0 
21 
16 
22 
8 
6 
13 
4 
18 
17 
9 
22 
19 
4 
11 
28 
8 
16 
5 
20 
18 
10 
3 
10 
24 
10 
29 
12 
16 
21 
3 
16 
0 
5 
20 
18 
22 
29 
17 
11 
2 
7 
4 
18 
25 
0 
6 
25 
20 
3 
24 
8 
27 
23 
9 
30 
28 
12 
15 
30 
30 
27 
25 
29 
4 
10 
26 
26 
9 
28 
18 
13 
11 
19 
21 
24 
6 
12 
22 
15 
5 
25 
29 
2 
12 
2 
0 
13 
21 
6 
13 
29 
23 
28 
18 
4 
1 
2 
21 
0 
1 
12 
13 
20 
6 
6 
1 
12 
7 
27 
4 
5 
14 
20 
30 
29 
3 
27 
24 
4 
13 
9 
1 
10 
30 
18 
29 
25 
20 
3 
0 
14 
24 
29 
4 
11 
7 
14 
16 
9 
15 
15 
20 
5 
11 
13 
18 
6 
6 
25 
1 
8 
4 
8 
0 
30 
11 
25 
9 
18 
7 
15 
4 
4 
29 
9 
19 
22 
28 
5 
27 
9 
8 
5 
28 
10 
20 
0 
7 
24 
21 
4 
22 
19 
20 
28 
7 
27 
20 
19 
2 
8 
9 
22 
14 
6 
12 
3 
18 
9 
22 
26 
21 
11 
0 
2 
27 
0 
22 
8 
20 
4 
4 
0 
13 
4 
18 
5 
11 
1 
5 
3 
21 
26 
1 
12 
21 
4 
30 
9 
26 
16 
28 
0 
18 
21 
2 
21 
3 
23 
27 
28 
22 
15 
12 
27 
23 
25 
2 
27 
7 
15 
30 
9 
0 
4 
29 
18 
15 
13 
28 
15 
30 
14 
8 
3 
6 
14 
19 
18 
13 
5 
16 
6 
21 
0 
29 
30 
18 
9 
14 
7 
25 
8 
27 
14 
8 
25 
29 
25 
13 
29 
11 
7 
4 
21 
12 
16 
26 
14 
28 
26 
24 
3 
15 
16 
0 
18 
19 
23 
0 
4 
0 
23 
18 
9 
22 
2 
10 
15 
1 
11 
25 
2 
22 
9 
23 
30 
14 
18 
20 
27 
5 
22 
18 
3 
5 
15 
4 
12 
17 
20 
15 
8 
3 
24 
26 
25 
24 
24 
23 
11 
13 
28 
9 
22 
2 
29 
19 
14 
5 
6 
28 
23 
7 
28 
27 
5 
17 
12 
13 
28 
9 
22 
26 
11 
7 
3 
6 
29 
12 
22 
29 
13 
21 
3 
17 
6 
19 
19 
1 
12 
24 
5 
2 
2 
1 
19 
28 
6 
4 
27 
29 
15 
12 
0 
30 
15 
27 
6 
28 
0 
12 
9 
28 
9 
19 
0 
26 
19 
18 
18 
29 
24 
3 
13 
26 
1 
22 
19 
6 
2 
12 
10 
26 
30 
2 
5 
22 
27 
10 
29 
29 
30 
24 
30 
16 
13 
26 
8 
7 
19 
3 
13 
15 
12 
22 
9 
4 
18 
18 
26 
4 
27 
10 
8 
6 
24 
0 
5 
5 
24 
6 
4 
17 
9 
14 
25 
2 
15 
1 
17 
19 
19 
27 
13 
6 
8 
18 
17 
21 
12 
11 
11 
11 
14 
18 
14 
12 
23 
14 
19 
6 
13 
28 
20 
30 
14 
25 
17 
11 
24 
20 
7 
22 
5 
19 
10 
14 
21 
6 
30 
30 
0 
4 
3 
12 
23 
17 
7 
4 
14 
2 
22 
6 
8 
18 
13 
0 
19 
28 
0 
1 
30 
26 
26 
23 
4 
17 
29 
13 
5 
21 
23 
27 
19 
17 
11 
3 
5 
13 
7 
25 
15 
19 
13 
16 
12 
3 
23 
7 
11 
11 
5 
6 
16 
16 
30 
12 
30 
24 
22 
19 
16 
8 
21 
3 
25 
4 
25 
20 
24 
3 
26 
0 
17 
9 
28 
18 
30 
13 
8 
14 
9 
20 
12 
18 
6 
11 
2 
22 
23 
21 
7 
20 
10 
8 
10 
13 
21 
16 
22 
16 
1 
7 
26 
28 
4 
0 
15 
18 
13 
14 
22 
5 
7 
16 
12 
22 
24 
20 
1 
28 
3 
0 
0 
3 
15 
13 
6 
12 
12 
9 
10 
22 
13 
17 
12 
14 
7 
1 
4 
30 
2 
8 
21 
7 
9 
3 
1 
20 
7 
8 
9 
14 
22 
3 
12 
23 
5 
