14 
26 
17 
24 
26 
0 
17 
5 
30 
8 
12 
27 
20 
12 
1 
5 
7 
15 
15 
6 
27 
15 
28 
0 
22 
3 
23 
21 
29 
2 
10 
9 
11 
9 
7 
24 
28 
12 
19 
22 
28 
16 
30 
1 
1 
18 
8 
14 
7 
28 
23 
21 
29 
14 
30 
5 
11 
10 
11 
15 
9 
30 
24 
19 
8 
9 
3 
25 
0 
26 
5 
8 
19 
20 
17 
24 
17 
29 
3 
1 
4 
20 
8 
28 
19 
2 
23 
30 
0 
6 
15 
20 
25 
13 
12 
10 
26 
12 
24 
21 
2 
14 
30 
2 
4 
30 
20 
30 
1 
4 
2 
3 
16 
4 
3 
9 
4 
13 
20 
3 
12 
28 
9 
3 
17 
30 
18 
14 
21 
17 
3 
5 
1 
13 
6 
0 
9 
0 
13 
20 
26 
6 
14 
8 
9 
9 
4 
8 
10 
27 
3 
11 
14 
25 
14 
10 
19 
21 
1 
14 
29 
26 
2 
15 
14 
21 
8 
21 
8 
5 
3 
19 
7 
22 
5 
20 
3 
13 
22 
18 
13 
30 
26 
24 
23 
7 
19 
4 
28 
25 
8 
25 
4 
19 
8 
30 
12 
3 
16 
28 
7 
5 
18 
2 
19 
19 
28 
22 
30 
8 
22 
23 
23 
1 
10 
29 
8 
27 
13 
15 
23 
25 
3 
1 
11 
25 
8 
5 
24 
21 
9 
24 
29 
2 
30 
23 
13 
13 
23 
7 
0 
12 
15 
20 
10 
11 
23 
15 
6 
8 
16 
6 
12 
16 
20 
13 
16 
22 
4 
17 
4 
7 
11 
25 
3 
6 
7 
8 
24 
20 
25 
2 
14 
18 
9 
10 
13 
26 
12 
7 
6 
23 
19 
23 
7 
19 
19 
25 
25 
4 
9 
20 
26 
19 
24 
4 
24 
5 
24 
21 
5 
13 
17 
30 
7 
7 
10 
23 
6 
5 
22 
27 
14 
28 
9 
24 
4 
28 
22 
18 
24 
12 
29 
12 
8 
8 
23 
6 
18 
7 
10 
19 
20 
22 
6 
10 
14 
25 
26 
30 
19 
7 
11 
22 
8 
15 
17 
28 
4 
19 
16 
24 
21 
23 
3 
11 
26 
18 
8 
21 
17 
18 
1 
5 
21 
20 
6 
10 
11 
23 
1 
11 
12 
2 
12 
10 
18 
21 
13 
16 
6 
13 
18 
11 
15 
15 
7 
12 
8 
9 
8 
10 
4 
6 
2 
4 
19 
12 
8 
24 
11 
4 
8 
1 
18 
10 
24 
8 
2 
23 
15 
23 
14 
4 
16 
17 
1 
22 
29 
18 
8 
2 
12 
5 
0 
3 
26 
29 
7 
28 
8 
9 
23 
16 
3 
14 
0 
14 
0 
25 
3 
20 
15 
26 
2 
29 
5 
20 
4 
2 
20 
14 
4 
22 
14 
24 
14 
4 
27 
24 
22 
13 
13 
24 
7 
16 
30 
30 
7 
4 
28 
23 
6 
15 
1 
6 
20 
30 
25 
13 
15 
29 
6 
1 
0 
3 
14 
5 
21 
3 
13 
5 
15 
11 
24 
8 
28 
7 
13 
25 
18 
8 
11 
22 
15 
9 
0 
17 
30 
1 
6 
9 
25 
3 
29 
29 
25 
18 
11 
11 
7 
30 
28 
11 
11 
26 
27 
14 
11 
26 
25 
12 
28 
24 
1 
26 
5 
3 
12 
11 
26 
1 
2 
20 
6 
3 
19 
28 
19 
23 
3 
16 
27 
16 
5 
21 
12 
29 
14 
29 
19 
17 
12 
21 
23 
24 
7 
4 
27 
14 
14 
25 
26 
2 
25 
10 
20 
8 
6 
15 
2 
30 
8 
26 
27 
29 
14 
10 
22 
12 
0 
29 
12 
1 
16 
26 
11 
7 
8 
3 
2 
14 
2 
15 
15 
25 
25 
18 
14 
24 
19 
3 
14 
25 
27 
18 
7 
14 
15 
27 
4 
2 
17 
12 
21 
29 
15 
20 
2 
2 
27 
26 
17 
0 
29 
4 
26 
23 
27 
3 
13 
11 
27 
8 
21 
20 
25 
4 
1 
9 
0 
6 
14 
29 
24 
1 
22 
6 
1 
5 
5 
28 
5 
3 
22 
4 
10 
13 
29 
19 
11 
22 
28 
25 
28 
9 
15 
22 
10 
22 
9 
14 
5 
23 
30 
15 
5 
14 
12 
13 
18 
15 
25 
21 
15 
7 
4 
13 
28 
29 
19 
27 
24 
7 
26 
12 
28 
14 
24 
3 
2 
21 
7 
26 
26 
18 
1 
27 
0 
21 
26 
19 
26 
21 
25 
3 
18 
9 
5 
22 
7 
17 
1 
23 
17 
14 
23 
12 
14 
13 
28 
6 
27 
26 
4 
25 
25 
13 
8 
5 
7 
23 
20 
11 
1 
3 
12 
9 
20 
1 
3 
5 
19 
8 
30 
14 
4 
16 
27 
6 
10 
22 
10 
2 
28 
26 
11 
26 
5 
25 
12 
25 
14 
13 
10 
20 
16 
21 
3 
26 
1 
28 
23 
26 
5 
15 
13 
29 
5 
2 
20 
12 
4 
22 
0 
16 
26 
16 
13 
3 
10 
6 
24 
30 
30 
12 
17 
22 
26 
24 
24 
29 
4 
0 
20 
8 
26 
14 
7 
5 
24 
13 
26 
3 
20 
16 
17 
13 
9 
22 
10 
9 
30 
26 
26 
0 
30 
11 
0 
28 
10 
8 
13 
17 
30 
16 
16 
14 
4 
28 
16 
27 
22 
20 
22 
28 
25 
3 
9 
2 
24 
13 
10 
9 
4 
27 
21 
26 
16 
7 
21 
27 
27 
20 
2 
3 
6 
4 
26 
19 
23 
9 
4 
6 
8 
16 
3 
4 
8 
14 
