27 
15 
16 
5 
6 
7 
0 
16 
14 
11 
11 
15 
4 
18 
30 
7 
8 
9 
22 
27 
9 
6 
14 
6 
24 
3 
3 
14 
11 
21 
28 
26 
8 
27 
15 
19 
28 
17 
1 
19 
21 
5 
28 
19 
24 
29 
29 
20 
25 
28 
12 
23 
3 
16 
20 
9 
5 
17 
1 
17 
11 
10 
30 
17 
30 
9 
17 
18 
2 
16 
20 
20 
11 
1 
0 
5 
26 
17 
23 
21 
8 
30 
15 
27 
8 
5 
26 
7 
28 
4 
25 
16 
21 
0 
22 
10 
10 
21 
23 
4 
6 
17 
21 
7 
6 
20 
7 
17 
20 
25 
22 
23 
3 
15 
19 
13 
20 
0 
30 
24 
19 
23 
2 
9 
3 
17 
25 
27 
4 
28 
7 
5 
15 
3 
15 
26 
26 
19 
12 
3 
28 
19 
13 
12 
24 
23 
2 
15 
12 
23 
15 
17 
3 
1 
9 
12 
11 
13 
7 
30 
17 
14 
3 
21 
3 
6 
18 
9 
26 
17 
17 
16 
7 
7 
2 
8 
8 
29 
18 
11 
12 
0 
28 
28 
22 
20 
2 
27 
24 
13 
13 
26 
18 
25 
4 
29 
5 
0 
26 
29 
28 
21 
12 
24 
0 
11 
26 
17 
19 
19 
26 
18 
20 
13 
16 
26 
24 
29 
30 
25 
26 
6 
8 
1 
28 
22 
26 
0 
16 
6 
25 
13 
16 
0 
23 
7 
16 
14 
0 
19 
12 
5 
22 
13 
28 
10 
10 
4 
12 
15 
24 
9 
13 
0 
9 
12 
12 
10 
28 
11 
20 
25 
17 
6 
13 
30 
4 
4 
23 
1 
13 
26 
16 
18 
5 
13 
30 
3 
27 
29 
18 
4 
9 
27 
2 
26 
17 
28 
10 
23 
11 
7 
19 
8 
9 
2 
17 
9 
21 
25 
9 
21 
27 
4 
15 
2 
22 
27 
14 
15 
8 
20 
12 
0 
12 
5 
24 
26 
6 
11 
0 
29 
10 
9 
18 
6 
23 
28 
20 
13 
25 
6 
21 
5 
0 
7 
4 
2 
7 
15 
3 
9 
24 
8 
1 
17 
19 
12 
28 
0 
15 
2 
30 
7 
11 
13 
13 
14 
4 
13 
8 
4 
2 
1 
26 
19 
16 
9 
12 
18 
30 
10 
27 
6 
7 
12 
12 
23 
30 
16 
4 
6 
11 
18 
16 
3 
20 
4 
2 
12 
22 
28 
27 
1 
29 
1 
16 
10 
28 
26 
4 
21 
16 
22 
22 
19 
11 
4 
10 
29 
5 
17 
3 
29 
21 
4 
27 
20 
9 
11 
2 
24 
18 
21 
28 
16 
3 
22 
12 
17 
5 
2 
0 
30 
25 
11 
1 
21 
1 
7 
23 
24 
28 
2 
28 
2 
24 
22 
20 
19 
5 
15 
12 
12 
12 
12 
24 
2 
4 
25 
25 
21 
29 
6 
15 
9 
2 
21 
5 
5 
5 
0 
4 
28 
16 
6 
23 
12 
13 
12 
30 
14 
25 
25 
4 
6 
19 
13 
6 
25 
12 
2 
30 
27 
22 
2 
24 
8 
30 
13 
13 
26 
23 
2 
12 
29 
9 
19 
15 
14 
28 
22 
5 
6 
29 
17 
18 
17 
4 
25 
15 
16 
23 
1 
10 
27 
21 
30 
23 
2 
19 
30 
30 
24 
17 
21 
4 
28 
13 
30 
19 
30 
8 
26 
21 
12 
18 
15 
12 
1 
20 
15 
25 
1 
21 
15 
14 
29 
17 
19 
15 
3 
5 
20 
22 
8 
4 
27 
7 
18 
13 
22 
14 
2 
15 
17 
10 
16 
5 
14 
6 
18 
21 
5 
28 
8 
8 
22 
18 
8 
21 
27 
26 
0 
17 
8 
3 
28 
5 
27 
22 
8 
9 
16 
5 
18 
25 
0 
5 
18 
10 
15 
27 
5 
30 
3 
2 
15 
27 
2 
4 
17 
29 
16 
22 
20 
22 
13 
18 
24 
2 
23 
4 
10 
26 
11 
4 
12 
8 
3 
3 
1 
4 
21 
10 
0 
26 
24 
30 
17 
7 
6 
5 
15 
9 
20 
3 
3 
22 
9 
1 
3 
29 
0 
15 
27 
1 
26 
30 
29 
15 
29 
21 
22 
18 
11 
22 
17 
15 
2 
0 
4 
28 
25 
0 
23 
22 
8 
20 
13 
4 
2 
4 
13 
6 
18 
10 
5 
1 
6 
1 
19 
5 
20 
29 
7 
23 
7 
18 
12 
10 
13 
13 
29 
18 
6 
5 
2 
7 
14 
5 
19 
2 
15 
21 
2 
3 
5 
12 
20 
19 
15 
30 
0 
27 
6 
29 
25 
14 
23 
9 
5 
10 
5 
27 
28 
14 
19 
29 
2 
18 
5 
11 
22 
12 
24 
2 
13 
5 
13 
14 
30 
7 
2 
9 
19 
22 
14 
2 
10 
22 
27 
7 
27 
22 
1 
28 
20 
6 
22 
0 
13 
12 
22 
5 
7 
1 
4 
2 
6 
8 
8 
8 
3 
0 
18 
13 
17 
11 
1 
7 
21 
7 
2 
11 
1 
6 
22 
17 
18 
16 
11 
17 
5 
13 
1 
26 
6 
3 
8 
0 
12 
8 
10 
10 
10 
24 
7 
25 
1 
6 
6 
5 
8 
0 
24 
11 
19 
20 
11 
