26 
14 
26 
9 
13 
19 
19 
21 
3 
23 
28 
4 
7 
23 
20 
29 
23 
24 
20 
22 
27 
9 
9 
30 
0 
7 
4 
24 
8 
26 
12 
9 
19 
26 
25 
14 
5 
13 
22 
7 
16 
22 
28 
25 
4 
21 
15 
23 
19 
13 
22 
11 
17 
13 
27 
0 
10 
16 
7 
5 
4 
16 
30 
16 
10 
0 
16 
19 
30 
7 
3 
30 
15 
3 
17 
25 
28 
15 
19 
26 
27 
9 
28 
3 
12 
20 
30 
6 
11 
15 
6 
1 
18 
13 
2 
11 
23 
26 
8 
8 
25 
1 
16 
12 
20 
19 
7 
7 
18 
0 
0 
27 
12 
15 
6 
26 
24 
24 
27 
5 
0 
26 
19 
12 
20 
0 
3 
10 
11 
23 
4 
25 
10 
5 
7 
28 
2 
4 
29 
11 
20 
14 
4 
13 
26 
17 
23 
5 
26 
6 
24 
23 
13 
8 
0 
0 
30 
3 
5 
26 
9 
7 
3 
29 
0 
9 
0 
23 
18 
0 
2 
11 
30 
7 
14 
15 
14 
10 
4 
7 
29 
14 
22 
6 
30 
2 
30 
8 
12 
14 
18 
28 
3 
29 
19 
13 
30 
23 
1 
13 
20 
8 
10 
30 
10 
25 
7 
28 
13 
4 
19 
7 
8 
8 
10 
9 
20 
0 
24 
10 
18 
24 
8 
19 
21 
5 
18 
21 
2 
13 
18 
5 
9 
12 
16 
29 
2 
6 
23 
17 
21 
17 
2 
18 
6 
12 
19 
13 
22 
28 
28 
9 
16 
2 
29 
27 
2 
21 
20 
2 
9 
6 
27 
20 
28 
8 
7 
11 
20 
20 
28 
0 
8 
0 
17 
17 
2 
25 
6 
1 
28 
20 
25 
2 
4 
20 
16 
7 
1 
5 
20 
3 
19 
4 
4 
20 
13 
4 
15 
30 
8 
4 
18 
23 
27 
8 
1 
15 
26 
4 
12 
18 
5 
6 
1 
19 
20 
3 
30 
2 
26 
20 
6 
18 
6 
1 
9 
14 
24 
24 
12 
9 
0 
25 
2 
14 
12 
21 
15 
25 
17 
30 
8 
4 
18 
2 
9 
6 
3 
6 
16 
16 
30 
20 
24 
26 
21 
1 
10 
4 
4 
11 
20 
22 
2 
22 
26 
6 
27 
27 
2 
0 
30 
24 
22 
16 
1 
21 
19 
30 
2 
15 
18 
25 
1 
16 
15 
26 
13 
13 
6 
20 
17 
20 
22 
7 
20 
3 
20 
20 
17 
22 
25 
1 
27 
18 
3 
15 
9 
7 
15 
19 
30 
0 
12 
16 
7 
4 
3 
5 
13 
16 
12 
13 
9 
23 
4 
7 
1 
7 
15 
23 
26 
20 
18 
14 
27 
20 
14 
21 
18 
22 
20 
5 
3 
26 
16 
0 
12 
1 
24 
11 
21 
5 
17 
20 
12 
15 
3 
6 
4 
29 
27 
17 
12 
24 
3 
5 
18 
3 
12 
19 
0 
20 
9 
21 
7 
7 
13 
28 
11 
10 
23 
10 
17 
19 
0 
28 
8 
20 
18 
20 
30 
0 
1 
24 
10 
11 
7 
8 
20 
21 
0 
1 
30 
3 
21 
27 
25 
0 
6 
19 
12 
6 
5 
22 
30 
30 
3 
19 
12 
20 
23 
1 
19 
25 
16 
17 
27 
9 
1 
21 
12 
26 
30 
14 
22 
8 
28 
8 
12 
21 
25 
9 
14 
2 
13 
8 
19 
8 
26 
18 
6 
24 
18 
2 
13 
17 
14 
3 
22 
9 
10 
21 
24 
10 
12 
2 
21 
25 
8 
14 
5 
5 
3 
26 
23 
21 
22 
12 
6 
20 
18 
3 
15 
6 
4 
8 
15 
9 
4 
15 
5 
9 
4 
12 
29 
8 
3 
20 
23 
2 
20 
22 
19 
10 
30 
18 
3 
5 
8 
18 
23 
18 
11 
0 
5 
16 
27 
22 
29 
25 
8 
3 
5 
7 
21 
30 
5 
13 
8 
22 
9 
11 
20 
22 
10 
17 
25 
21 
21 
12 
6 
7 
7 
7 
28 
5 
22 
30 
16 
23 
3 
11 
12 
17 
3 
12 
10 
4 
14 
18 
28 
23 
9 
28 
4 
1 
17 
24 
1 
12 
0 
0 
22 
10 
25 
18 
8 
9 
4 
12 
9 
15 
24 
2 
30 
18 
7 
10 
22 
29 
3 
27 
14 
5 
9 
18 
16 
1 
27 
13 
15 
27 
12 
9 
12 
4 
15 
2 
19 
14 
0 
11 
20 
17 
13 
3 
15 
24 
16 
30 
13 
28 
17 
26 
22 
6 
23 
6 
1 
19 
19 
28 
14 
0 
16 
15 
28 
16 
21 
19 
21 
4 
29 
0 
6 
22 
13 
14 
26 
0 
29 
27 
7 
17 
10 
9 
5 
27 
14 
27 
13 
1 
4 
21 
11 
0 
27 
26 
19 
26 
1 
1 
24 
15 
30 
19 
28 
3 
