21 
16 
12 
24 
12 
10 
22 
7 
13 
24 
0 
7 
2 
15 
5 
12 
0 
1 
27 
9 
22 
16 
19 
13 
0 
6 
19 
19 
22 
4 
5 
13 
24 
7 
29 
11 
1 
16 
6 
15 
27 
4 
28 
9 
17 
21 
3 
5 
23 
26 
20 
6 
26 
23 
6 
12 
17 
29 
23 
30 
6 
25 
30 
11 
11 
24 
13 
2 
19 
17 
23 
9 
6 
1 
8 
11 
14 
14 
28 
22 
18 
6 
30 
12 
20 
8 
3 
0 
29 
16 
1 
30 
10 
1 
30 
27 
3 
0 
25 
28 
4 
5 
8 
17 
21 
7 
28 
1 
22 
6 
12 
22 
6 
14 
15 
12 
23 
16 
2 
27 
18 
8 
14 
4 
10 
23 
27 
6 
14 
8 
26 
9 
5 
3 
17 
18 
10 
20 
15 
16 
17 
19 
9 
10 
21 
5 
4 
17 
9 
27 
15 
28 
20 
24 
23 
0 
15 
20 
2 
24 
16 
29 
23 
29 
9 
9 
6 
8 
22 
12 
12 
0 
24 
0 
4 
19 
16 
19 
5 
12 
27 
3 
13 
8 
1 
16 
9 
12 
4 
2 
8 
27 
1 
28 
1 
27 
14 
11 
16 
17 
18 
22 
11 
0 
20 
17 
3 
28 
27 
8 
2 
1 
14 
18 
3 
0 
0 
28 
2 
21 
1 
1 
1 
14 
15 
1 
12 
5 
19 
8 
10 
25 
2 
1 
2 
24 
2 
1 
23 
11 
2 
0 
21 
20 
4 
9 
12 
29 
18 
5 
30 
5 
3 
6 
30 
11 
6 
13 
16 
1 
13 
21 
7 
7 
5 
15 
18 
8 
3 
27 
23 
18 
9 
29 
14 
6 
18 
21 
1 
11 
8 
7 
23 
8 
18 
2 
11 
23 
12 
16 
30 
19 
25 
26 
30 
28 
29 
26 
5 
11 
28 
25 
6 
21 
10 
25 
6 
8 
18 
18 
20 
25 
14 
27 
9 
28 
17 
3 
7 
24 
8 
1 
0 
9 
26 
13 
20 
11 
17 
10 
29 
18 
7 
25 
19 
16 
21 
12 
11 
8 
29 
15 
22 
27 
24 
27 
22 
2 
5 
29 
5 
13 
19 
15 
9 
2 
27 
1 
2 
23 
7 
13 
14 
26 
17 
19 
17 
10 
22 
4 
14 
22 
23 
23 
1 
19 
12 
29 
19 
2 
30 
21 
19 
9 
5 
19 
23 
25 
18 
5 
26 
19 
19 
5 
4 
18 
2 
10 
16 
0 
30 
15 
18 
28 
13 
18 
25 
13 
24 
17 
5 
12 
13 
10 
27 
2 
11 
7 
13 
5 
25 
7 
27 
13 
29 
10 
8 
21 
6 
1 
14 
8 
12 
7 
14 
22 
25 
8 
22 
4 
15 
30 
3 
30 
22 
16 
6 
13 
25 
0 
30 
7 
22 
26 
28 
16 
9 
24 
9 
3 
27 
30 
7 
16 
26 
14 
19 
12 
7 
12 
20 
7 
5 
1 
16 
16 
16 
4 
19 
1 
6 
29 
11 
26 
19 
21 
26 
24 
29 
6 
10 
20 
24 
11 
11 
0 
3 
3 
11 
15 
0 
0 
20 
6 
21 
25 
10 
17 
10 
29 
30 
4 
7 
10 
7 
5 
25 
15 
6 
20 
9 
16 
13 
29 
8 
1 
29 
2 
13 
23 
2 
6 
25 
4 
23 
17 
23 
3 
6 
20 
22 
19 
22 
0 
3 
26 
30 
11 
27 
20 
19 
24 
30 
25 
15 
14 
4 
10 
1 
12 
19 
4 
6 
9 
10 
26 
1 
16 
24 
4 
27 
12 
21 
27 
10 
18 
14 
23 
4 
14 
16 
18 
19 
16 
5 
29 
11 
18 
22 
14 
29 
26 
9 
22 
17 
23 
7 
8 
17 
1 
11 
15 
1 
27 
30 
11 
13 
25 
24 
4 
28 
18 
21 
24 
7 
24 
8 
30 
21 
17 
10 
7 
22 
15 
21 
6 
12 
4 
12 
24 
27 
2 
3 
27 
14 
29 
20 
24 
2 
15 
13 
13 
23 
27 
3 
26 
18 
6 
6 
19 
6 
21 
17 
29 
26 
20 
30 
9 
28 
5 
22 
22 
21 
2 
3 
10 
1 
16 
23 
5 
20 
1 
7 
2 
5 
15 
25 
13 
27 
28 
11 
23 
17 
12 
19 
16 
11 
9 
19 
20 
3 
29 
15 
3 
2 
7 
1 
23 
14 
1 
11 
25 
7 
16 
9 
7 
15 
21 
8 
30 
6 
18 
8 
17 
7 
19 
7 
23 
16 
17 
