4 
18 
7 
14 
7 
18 
16 
6 
1 
19 
24 
29 
23 
21 
19 
17 
21 
13 
25 
27 
26 
5 
5 
6 
24 
21 
4 
12 
29 
13 
29 
22 
3 
15 
21 
9 
22 
27 
11 
22 
15 
19 
18 
10 
13 
17 
14 
15 
4 
11 
16 
20 
18 
24 
3 
6 
22 
24 
26 
16 
14 
30 
4 
5 
22 
17 
15 
22 
21 
5 
7 
28 
25 
6 
15 
17 
21 
22 
21 
13 
27 
4 
17 
15 
9 
11 
18 
26 
1 
29 
5 
14 
9 
7 
11 
8 
19 
24 
13 
12 
14 
12 
23 
12 
26 
6 
26 
11 
4 
27 
16 
30 
23 
2 
15 
6 
2 
1 
6 
7 
23 
17 
14 
25 
24 
2 
24 
6 
18 
18 
14 
26 
2 
8 
11 
11 
15 
28 
15 
27 
16 
13 
21 
30 
27 
15 
30 
0 
18 
16 
5 
2 
14 
18 
15 
21 
2 
22 
15 
15 
9 
6 
3 
22 
18 
17 
4 
10 
16 
3 
24 
29 
0 
21 
4 
14 
24 
6 
15 
25 
14 
12 
20 
22 
12 
7 
14 
1 
3 
27 
29 
7 
4 
15 
0 
21 
24 
9 
30 
9 
2 
0 
1 
12 
18 
3 
29 
23 
25 
19 
6 
14 
28 
24 
17 
16 
19 
8 
20 
19 
30 
30 
7 
11 
4 
30 
13 
23 
30 
3 
18 
27 
0 
6 
29 
9 
11 
4 
9 
26 
8 
16 
4 
30 
28 
1 
1 
13 
4 
1 
0 
4 
20 
10 
10 
22 
8 
27 
8 
14 
7 
29 
12 
28 
5 
29 
18 
15 
13 
29 
9 
19 
5 
8 
0 
17 
18 
29 
8 
22 
30 
28 
28 
17 
7 
0 
8 
1 
27 
7 
21 
27 
13 
19 
25 
18 
30 
9 
3 
14 
3 
23 
10 
15 
16 
14 
13 
10 
19 
16 
14 
28 
17 
10 
8 
22 
12 
23 
2 
30 
5 
10 
25 
18 
26 
10 
25 
5 
7 
4 
3 
22 
7 
5 
23 
10 
7 
29 
26 
2 
22 
22 
25 
27 
16 
6 
19 
23 
20 
21 
1 
11 
14 
18 
29 
17 
14 
1 
2 
11 
25 
23 
6 
4 
1 
15 
24 
27 
26 
12 
3 
30 
11 
11 
26 
5 
2 
23 
3 
1 
2 
14 
18 
27 
0 
25 
30 
6 
30 
11 
11 
22 
30 
24 
4 
12 
0 
11 
13 
20 
9 
11 
0 
8 
27 
22 
26 
17 
0 
6 
24 
25 
5 
25 
13 
28 
30 
21 
25 
18 
0 
3 
12 
4 
21 
9 
15 
20 
6 
11 
22 
4 
13 
6 
24 
10 
21 
10 
29 
22 
22 
13 
21 
27 
7 
16 
17 
13 
1 
11 
25 
16 
25 
5 
6 
30 
3 
25 
15 
16 
7 
22 
8 
30 
18 
17 
14 
5 
7 
16 
8 
16 
15 
7 
3 
7 
27 
22 
6 
5 
13 
0 
26 
26 
29 
19 
26 
1 
15 
14 
0 
5 
7 
18 
20 
0 
7 
22 
30 
15 
15 
25 
21 
22 
28 
9 
18 
22 
25 
15 
10 
12 
29 
5 
29 
19 
26 
1 
4 
13 
13 
7 
8 
18 
25 
11 
3 
25 
20 
24 
10 
19 
13 
15 
24 
14 
13 
6 
19 
13 
20 
18 
1 
30 
24 
28 
1 
7 
14 
9 
12 
7 
14 
11 
16 
11 
15 
8 
11 
9 
7 
24 
8 
15 
30 
4 
20 
11 
3 
7 
28 
1 
20 
28 
27 
18 
2 
18 
5 
19 
13 
18 
15 
22 
10 
15 
7 
3 
10 
15 
4 
21 
24 
1 
25 
5 
21 
13 
9 
13 
9 
13 
3 
12 
22 
30 
4 
17 
25 
21 
26 
30 
20 
15 
28 
3 
14 
28 
15 
22 
0 
11 
20 
24 
1 
25 
13 
8 
1 
17 
10 
20 
9 
4 
6 
6 
19 
20 
30 
19 
4 
16 
6 
4 
3 
7 
11 
18 
2 
10 
28 
5 
5 
25 
17 
12 
13 
28 
14 
9 
