2 
27 
28 
26 
15 
2 
13 
0 
7 
29 
6 
11 
14 
5 
14 
2 
24 
1 
8 
7 
28 
8 
16 
18 
30 
27 
17 
9 
11 
18 
22 
28 
30 
29 
9 
14 
1 
26 
7 
14 
5 
12 
24 
29 
3 
11 
12 
13 
18 
12 
23 
6 
4 
15 
19 
10 
7 
11 
23 
16 
12 
28 
14 
29 
1 
7 
2 
1 
15 
28 
26 
3 
25 
13 
0 
0 
14 
4 
2 
30 
17 
7 
0 
6 
16 
3 
1 
25 
0 
0 
15 
4 
21 
22 
18 
18 
7 
5 
17 
1 
11 
7 
18 
9 
21 
18 
12 
30 
14 
0 
28 
24 
29 
15 
14 
29 
15 
15 
2 
4 
1 
26 
24 
29 
0 
9 
18 
0 
21 
4 
2 
5 
16 
29 
18 
0 
7 
1 
30 
15 
7 
28 
4 
0 
11 
9 
25 
20 
17 
3 
6 
3 
23 
11 
15 
4 
0 
17 
5 
12 
7 
5 
13 
30 
1 
13 
27 
2 
11 
2 
25 
28 
13 
14 
2 
7 
8 
25 
3 
26 
2 
5 
28 
30 
20 
15 
11 
2 
5 
17 
21 
0 
14 
4 
1 
26 
3 
30 
16 
30 
30 
23 
18 
27 
21 
4 
25 
25 
22 
13 
8 
29 
28 
28 
29 
14 
16 
29 
3 
14 
10 
6 
1 
1 
0 
12 
26 
0 
16 
26 
26 
17 
13 
23 
26 
5 
17 
5 
30 
4 
22 
10 
0 
2 
6 
5 
21 
1 
8 
0 
1 
14 
12 
11 
16 
11 
21 
22 
0 
22 
4 
7 
6 
18 
3 
4 
29 
15 
30 
13 
9 
3 
27 
15 
22 
29 
20 
19 
9 
23 
30 
23 
22 
17 
12 
2 
3 
0 
26 
27 
20 
19 
11 
25 
3 
18 
10 
24 
3 
23 
0 
26 
10 
16 
7 
26 
19 
14 
8 
20 
14 
29 
3 
13 
2 
28 
24 
5 
9 
15 
27 
30 
17 
18 
26 
30 
7 
14 
22 
22 
15 
15 
25 
14 
20 
30 
11 
1 
7 
8 
15 
16 
25 
14 
6 
19 
16 
3 
19 
18 
14 
11 
3 
8 
30 
20 
7 
29 
8 
14 
9 
10 
27 
13 
5 
29 
22 
28 
26 
11 
13 
29 
16 
18 
9 
20 
27 
4 
6 
11 
13 
21 
0 
20 
1 
5 
6 
22 
25 
27 
22 
12 
24 
4 
24 
30 
21 
5 
8 
14 
15 
4 
17 
1 
0 
18 
16 
9 
29 
13 
2 
4 
18 
24 
26 
1 
30 
29 
26 
17 
25 
14 
26 
19 
24 
30 
9 
9 
30 
14 
17 
1 
10 
18 
17 
25 
10 
9 
30 
4 
3 
29 
5 
5 
30 
3 
10 
15 
2 
27 
8 
2 
7 
12 
0 
10 
26 
30 
28 
27 
30 
24 
2 
14 
14 
9 
10 
29 
3 
21 
29 
2 
1 
3 
23 
28 
27 
6 
21 
29 
1 
11 
6 
1 
24 
14 
16 
5 
25 
10 
0 
7 
1 
25 
18 
21 
2 
11 
30 
16 
13 
2 
23 
8 
26 
30 
18 
2 
30 
4 
27 
4 
29 
6 
14 
1 
16 
24 
17 
20 
6 
8 
25 
5 
7 
29 
11 
22 
2 
3 
2 
20 
28 
27 
23 
5 
30 
22 
16 
17 
16 
16 
9 
15 
16 
28 
4 
28 
22 
5 
0 
15 
23 
29 
26 
14 
26 
8 
12 
6 
29 
11 
19 
13 
23 
26 
17 
1 
23 
9 
30 
19 
25 
28 
24 
19 
0 
20 
12 
19 
27 
22 
0 
14 
15 
16 
29 
6 
16 
17 
7 
0 
17 
14 
18 
25 
8 
1 
16 
25 
