24 
18 
11 
3 
10 
0 
26 
7 
13 
27 
18 
20 
21 
22 
1 
30 
28 
22 
20 
10 
6 
14 
8 
10 
23 
17 
2 
28 
1 
25 
23 
18 
20 
5 
0 
3 
28 
21 
11 
30 
18 
25 
26 
24 
25 
4 
14 
11 
30 
18 
15 
24 
25 
22 
7 
24 
7 
4 
3 
29 
29 
8 
27 
26 
28 
0 
29 
27 
17 
29 
4 
17 
26 
20 
11 
28 
25 
12 
22 
10 
26 
17 
17 
2 
20 
1 
19 
15 
12 
20 
12 
28 
0 
18 
21 
19 
10 
18 
5 
23 
30 
5 
21 
22 
11 
7 
27 
26 
23 
20 
22 
23 
13 
25 
3 
14 
3 
7 
1 
26 
25 
28 
18 
27 
7 
16 
25 
23 
15 
0 
7 
16 
14 
25 
16 
2 
12 
4 
22 
16 
1 
17 
8 
13 
18 
4 
27 
6 
5 
8 
6 
0 
21 
25 
1 
3 
11 
6 
29 
19 
15 
20 
4 
8 
3 
0 
16 
1 
11 
26 
30 
5 
13 
11 
6 
18 
26 
26 
2 
29 
22 
19 
5 
10 
11 
28 
18 
29 
16 
15 
18 
21 
29 
3 
17 
27 
3 
29 
29 
1 
27 
14 
0 
23 
18 
15 
12 
8 
28 
11 
23 
11 
25 
14 
9 
16 
0 
22 
9 
22 
1 
25 
26 
2 
29 
13 
6 
24 
5 
15 
20 
14 
10 
19 
29 
11 
12 
1 
24 
29 
2 
26 
26 
20 
25 
14 
15 
28 
6 
13 
0 
22 
8 
4 
5 
9 
1 
4 
20 
2 
2 
1 
26 
8 
8 
10 
22 
3 
6 
2 
5 
11 
24 
14 
18 
11 
30 
3 
14 
1 
16 
5 
4 
0 
8 
20 
22 
27 
11 
13 
28 
8 
29 
20 
29 
27 
16 
19 
11 
21 
22 
22 
26 
26 
8 
30 
7 
1 
4 
28 
13 
20 
4 
10 
15 
9 
11 
14 
1 
10 
22 
23 
17 
11 
10 
12 
26 
9 
19 
5 
4 
10 
28 
26 
10 
3 
17 
25 
18 
1 
27 
9 
6 
24 
18 
14 
7 
6 
7 
2 
17 
21 
11 
1 
24 
24 
11 
1 
10 
3 
18 
10 
14 
11 
14 
17 
18 
19 
15 
18 
15 
28 
6 
9 
9 
0 
4 
16 
28 
23 
4 
15 
22 
22 
5 
18 
26 
25 
18 
25 
18 
25 
1 
30 
19 
25 
11 
8 
25 
8 
5 
21 
7 
29 
15 
25 
21 
6 
17 
18 
1 
2 
22 
6 
12 
0 
25 
1 
20 
5 
14 
23 
29 
30 
17 
6 
17 
7 
7 
28 
26 
29 
3 
10 
7 
0 
15 
7 
15 
30 
5 
14 
3 
23 
28 
22 
18 
27 
1 
30 
23 
17 
12 
20 
18 
6 
24 
14 
17 
12 
3 
20 
11 
28 
19 
0 
18 
16 
19 
19 
14 
19 
22 
29 
29 
21 
27 
27 
13 
27 
7 
26 
1 
9 
15 
11 
0 
17 
2 
27 
16 
21 
1 
22 
20 
5 
27 
4 
3 
0 
17 
21 
17 
23 
11 
6 
6 
21 
19 
16 
28 
6 
14 
14 
27 
3 
2 
24 
1 
24 
18 
12 
6 
2 
9 
15 
25 
18 
4 
2 
6 
10 
17 
18 
5 
9 
19 
18 
11 
5 
