7 
0 
3 
22 
6 
29 
21 
28 
8 
18 
4 
1 
17 
17 
27 
27 
6 
30 
18 
9 
23 
19 
8 
14 
26 
27 
2 
7 
5 
15 
7 
4 
6 
8 
1 
27 
26 
18 
28 
10 
21 
21 
15 
24 
15 
25 
10 
26 
3 
27 
27 
17 
6 
7 
14 
28 
19 
3 
19 
7 
23 
19 
17 
30 
5 
17 
12 
2 
20 
23 
17 
28 
0 
10 
30 
21 
11 
19 
12 
24 
27 
25 
2 
13 
8 
2 
12 
20 
12 
9 
17 
5 
14 
6 
2 
1 
27 
24 
4 
2 
2 
6 
13 
23 
6 
2 
21 
25 
28 
10 
17 
16 
29 
6 
15 
23 
8 
30 
27 
8 
3 
4 
26 
9 
3 
15 
24 
24 
21 
1 
17 
2 
20 
9 
14 
15 
0 
25 
1 
6 
28 
12 
10 
9 
1 
5 
6 
1 
1 
30 
12 
7 
28 
24 
2 
10 
13 
26 
4 
24 
7 
12 
17 
30 
0 
11 
16 
26 
22 
3 
6 
15 
0 
24 
20 
15 
15 
0 
2 
4 
27 
8 
26 
0 
9 
28 
20 
24 
2 
16 
15 
20 
0 
21 
0 
20 
29 
9 
18 
30 
16 
19 
23 
16 
4 
9 
21 
5 
22 
5 
14 
22 
1 
5 
5 
7 
25 
18 
25 
26 
27 
3 
11 
19 
15 
7 
24 
4 
2 
19 
12 
9 
13 
16 
16 
21 
28 
11 
6 
1 
21 
19 
1 
2 
1 
1 
18 
12 
11 
9 
0 
30 
24 
20 
21 
15 
29 
26 
28 
19 
26 
24 
25 
28 
27 
9 
18 
0 
17 
0 
20 
20 
27 
27 
0 
1 
2 
19 
16 
2 
26 
11 
3 
15 
30 
30 
21 
10 
6 
3 
9 
30 
25 
8 
10 
14 
6 
22 
17 
13 
10 
28 
12 
1 
11 
28 
8 
8 
0 
11 
2 
1 
14 
6 
0 
13 
2 
4 
30 
27 
17 
4 
28 
19 
10 
27 
30 
15 
25 
10 
22 
15 
17 
29 
5 
7 
14 
10 
21 
15 
7 
4 
20 
5 
28 
18 
25 
25 
2 
24 
2 
2 
1 
3 
26 
16 
8 
24 
19 
7 
18 
25 
7 
30 
25 
18 
1 
10 
11 
16 
10 
25 
2 
30 
13 
21 
19 
28 
22 
3 
12 
14 
30 
5 
11 
27 
27 
28 
19 
21 
17 
11 
16 
18 
13 
9 
13 
27 
9 
13 
13 
24 
0 
0 
12 
14 
23 
1 
10 
18 
14 
13 
8 
10 
18 
12 
23 
25 
26 
15 
3 
29 
26 
19 
11 
3 
11 
15 
3 
17 
21 
19 
14 
2 
11 
19 
8 
7 
25 
6 
21 
24 
8 
20 
27 
25 
29 
18 
14 
17 
27 
4 
29 
27 
13 
6 
17 
16 
6 
22 
14 
6 
7 
12 
6 
7 
12 
24 
20 
7 
19 
27 
9 
13 
29 
16 
30 
26 
3 
30 
