25 
2 
1 
10 
5 
28 
10 
25 
13 
15 
17 
8 
12 
15 
21 
7 
27 
14 
17 
26 
21 
11 
5 
11 
16 
5 
26 
19 
5 
1 
23 
24 
14 
21 
16 
10 
23 
6 
2 
20 
28 
1 
6 
6 
24 
10 
3 
8 
20 
17 
1 
21 
13 
25 
3 
27 
5 
7 
22 
22 
6 
19 
3 
22 
17 
10 
2 
6 
27 
18 
20 
15 
25 
21 
14 
2 
15 
3 
24 
7 
25 
9 
16 
14 
1 
6 
17 
29 
28 
8 
23 
26 
24 
24 
3 
23 
27 
9 
20 
27 
17 
18 
13 
15 
27 
3 
2 
2 
21 
19 
23 
17 
16 
19 
27 
25 
9 
26 
1 
20 
13 
17 
23 
6 
10 
11 
28 
21 
18 
15 
25 
19 
30 
9 
28 
24 
19 
4 
6 
19 
29 
12 
27 
20 
20 
2 
13 
1 
20 
25 
3 
4 
10 
19 
24 
4 
6 
16 
13 
9 
7 
15 
2 
7 
22 
6 
7 
11 
23 
29 
17 
30 
1 
9 
21 
22 
9 
10 
13 
28 
15 
11 
14 
24 
9 
29 
4 
10 
11 
27 
12 
27 
5 
13 
8 
19 
25 
29 
1 
24 
1 
15 
16 
2 
18 
14 
25 
7 
19 
23 
26 
16 
14 
1 
5 
3 
18 
23 
17 
1 
12 
5 
18 
27 
15 
10 
4 
27 
20 
18 
26 
15 
27 
19 
18 
10 
16 
10 
21 
2 
18 
5 
5 
25 
28 
24 
3 
7 
30 
12 
4 
13 
19 
20 
25 
7 
8 
7 
23 
25 
21 
18 
16 
13 
1 
6 
10 
8 
22 
30 
2 
28 
14 
0 
6 
15 
21 
25 
29 
29 
26 
18 
22 
7 
19 
16 
16 
26 
0 
24 
30 
18 
7 
28 
3 
6 
27 
11 
30 
2 
21 
24 
27 
7 
25 
19 
7 
16 
23 
29 
30 
21 
18 
13 
15 
20 
28 
3 
29 
26 
5 
14 
17 
9 
3 
11 
3 
14 
14 
10 
4 
0 
19 
4 
27 
8 
23 
12 
16 
0 
4 
22 
26 
11 
15 
25 
2 
0 
2 
0 
16 
27 
26 
28 
21 
24 
21 
6 
22 
7 
13 
2 
11 
18 
16 
23 
15 
24 
15 
13 
19 
26 
24 
1 
19 
3 
20 
7 
4 
2 
1 
2 
12 
7 
15 
6 
20 
22 
0 
20 
6 
12 
21 
24 
3 
6 
14 
25 
5 
1 
24 
5 
21 
3 
18 
25 
13 
10 
13 
20 
25 
11 
17 
15 
6 
24 
8 
21 
6 
24 
