24 
11 
28 
15 
8 
0 
14 
23 
7 
0 
8 
9 
24 
30 
22 
3 
10 
22 
28 
16 
11 
20 
25 
6 
0 
2 
28 
29 
1 
0 
8 
14 
22 
26 
17 
29 
17 
3 
10 
19 
25 
9 
9 
22 
30 
15 
13 
0 
16 
11 
4 
2 
0 
2 
20 
7 
18 
12 
14 
6 
6 
14 
1 
7 
9 
21 
2 
18 
2 
30 
7 
30 
0 
26 
9 
1 
6 
30 
14 
6 
16 
8 
1 
7 
14 
8 
9 
26 
23 
27 
3 
16 
5 
4 
24 
19 
19 
13 
25 
0 
1 
11 
20 
0 
2 
10 
30 
13 
28 
19 
28 
26 
5 
17 
22 
9 
11 
7 
21 
29 
23 
0 
26 
14 
20 
5 
25 
25 
8 
1 
23 
6 
21 
8 
11 
15 
29 
29 
30 
14 
17 
5 
5 
10 
16 
8 
17 
25 
11 
25 
13 
24 
30 
8 
26 
20 
9 
1 
14 
16 
19 
22 
27 
23 
5 
26 
12 
19 
11 
17 
8 
3 
23 
22 
11 
29 
3 
7 
16 
28 
0 
27 
22 
6 
26 
6 
29 
24 
15 
14 
14 
4 
0 
26 
4 
12 
4 
25 
22 
21 
26 
7 
15 
2 
12 
10 
27 
9 
18 
4 
6 
2 
17 
17 
26 
16 
24 
2 
22 
26 
21 
2 
14 
29 
2 
17 
7 
11 
20 
15 
7 
15 
11 
4 
26 
5 
11 
1 
14 
14 
15 
24 
26 
0 
4 
5 
19 
4 
11 
0 
24 
28 
4 
20 
27 
20 
4 
27 
27 
14 
22 
0 
26 
11 
27 
5 
4 
27 
5 
1 
13 
29 
15 
12 
17 
15 
28 
0 
16 
18 
23 
19 
23 
19 
23 
23 
7 
10 
23 
25 
19 
8 
24 
18 
21 
6 
1 
0 
16 
25 
18 
17 
22 
6 
24 
12 
11 
11 
17 
16 
23 
8 
19 
6 
7 
19 
17 
19 
22 
8 
21 
10 
20 
2 
23 
2 
11 
25 
0 
6 
16 
7 
8 
27 
12 
0 
18 
25 
6 
24 
4 
23 
22 
3 
3 
27 
22 
0 
12 
5 
28 
26 
17 
12 
19 
10 
2 
9 
26 
15 
