8 
10 
14 
19 
25 
28 
24 
4 
30 
26 
16 
21 
16 
1 
27 
26 
15 
23 
10 
8 
21 
4 
15 
29 
11 
14 
19 
30 
17 
28 
13 
24 
7 
14 
2 
26 
23 
16 
11 
27 
26 
4 
23 
11 
22 
27 
0 
11 
0 
4 
8 
1 
11 
4 
2 
2 
30 
17 
5 
17 
27 
18 
29 
16 
3 
0 
1 
14 
5 
21 
21 
0 
18 
18 
14 
18 
17 
25 
22 
10 
5 
4 
9 
2 
28 
19 
10 
10 
13 
22 
22 
20 
19 
19 
1 
26 
23 
24 
10 
28 
1 
0 
10 
5 
10 
12 
26 
3 
1 
26 
4 
2 
12 
27 
7 
18 
12 
25 
5 
25 
26 
21 
23 
17 
6 
10 
5 
10 
21 
0 
27 
12 
12 
4 
29 
15 
27 
19 
20 
26 
30 
15 
15 
28 
1 
9 
2 
21 
4 
30 
4 
8 
4 
30 
16 
16 
3 
1 
22 
28 
29 
15 
5 
15 
2 
17 
29 
30 
12 
29 
6 
2 
16 
24 
4 
16 
30 
16 
3 
1 
4 
4 
30 
11 
16 
14 
14 
18 
4 
11 
7 
15 
7 
30 
17 
4 
15 
18 
28 
15 
11 
16 
27 
23 
13 
25 
17 
18 
24 
6 
9 
19 
16 
9 
14 
11 
29 
6 
6 
20 
26 
19 
19 
10 
28 
18 
2 
29 
0 
24 
6 
2 
11 
25 
27 
0 
23 
21 
25 
25 
18 
27 
3 
25 
19 
12 
17 
9 
4 
8 
26 
18 
8 
25 
7 
16 
21 
18 
10 
26 
22 
14 
1 
1 
13 
10 
28 
11 
3 
13 
14 
13 
5 
10 
24 
9 
10 
19 
4 
10 
7 
29 
27 
5 
9 
22 
29 
11 
11 
5 
17 
0 
13 
20 
2 
1 
21 
11 
5 
6 
