27 
13 
5 
23 
15 
0 
17 
29 
19 
3 
16 
26 
15 
9 
2 
19 
4 
20 
16 
22 
11 
7 
20 
21 
0 
14 
19 
15 
22 
1 
18 
4 
30 
10 
19 
8 
25 
26 
7 
2 
3 
30 
22 
27 
11 
14 
30 
23 
22 
24 
16 
29 
15 
15 
15 
10 
2 
15 
14 
1 
2 
30 
24 
21 
15 
18 
2 
23 
26 
27 
9 
18 
25 
2 
17 
23 
23 
29 
10 
21 
20 
7 
30 
11 
22 
0 
7 
15 
4 
28 
3 
26 
1 
8 
20 
3 
30 
4 
27 
6 
13 
0 
28 
14 
0 
3 
4 
20 
3 
11 
18 
0 
28 
17 
3 
21 
23 
3 
14 
10 
29 
7 
6 
2 
8 
6 
5 
5 
13 
1 
6 
25 
19 
9 
14 
12 
8 
5 
18 
19 
9 
1 
7 
3 
29 
26 
1 
30 
23 
14 
23 
13 
26 
9 
16 
28 
5 
8 
16 
8 
17 
10 
1 
11 
29 
1 
0 
22 
9 
18 
20 
24 
0 
6 
10 
8 
25 
7 
25 
20 
30 
1 
19 
12 
5 
26 
3 
7 
4 
21 
16 
30 
20 
29 
10 
6 
23 
21 
24 
11 
16 
21 
17 
25 
22 
4 
3 
4 
3 
9 
3 
0 
27 
1 
10 
30 
14 
20 
22 
0 
17 
15 
24 
5 
25 
9 
25 
10 
27 
14 
11 
5 
16 
24 
6 
11 
17 
16 
27 
19 
