10 
8 
7 
3 
21 
14 
20 
30 
12 
23 
12 
15 
20 
29 
13 
19 
11 
10 
1 
19 
22 
23 
30 
1 
7 
7 
4 
11 
15 
4 
20 
2 
22 
25 
20 
5 
30 
16 
3 
25 
25 
16 
1 
0 
26 
14 
5 
9 
25 
9 
19 
15 
19 
20 
13 
23 
19 
13 
26 
21 
10 
15 
8 
18 
16 
28 
29 
23 
8 
22 
21 
20 
14 
9 
26 
13 
5 
0 
8 
3 
7 
25 
21 
11 
29 
27 
29 
28 
4 
19 
30 
5 
1 
11 
11 
7 
21 
5 
9 
0 
24 
1 
21 
7 
8 
7 
17 
2 
26 
15 
9 
3 
25 
5 
24 
17 
26 
24 
7 
13 
1 
20 
21 
29 
25 
3 
2 
2 
25 
11 
12 
25 
25 
0 
20 
30 
15 
26 
0 
15 
21 
25 
21 
6 
19 
17 
1 
19 
15 
4 
29 
24 
8 
9 
22 
16 
22 
21 
13 
26 
9 
29 
25 
24 
19 
30 
8 
25 
6 
15 
21 
23 
22 
25 
28 
0 
5 
25 
12 
5 
