12 22 11 19 28 27 18  6  2  2 25  6 20 17  3 30  3 10  0 29 14 22 19  8 28  5 13 14 23 22 17  9 13  8 16  2 20 25 16 12 25  9 18 27 25 21 21 30 22  1  1  5 24 26  1 10 25 23 11  5  0  0 
 2 19  5 17  5  0  3 21 15  0 11  7  5 26  7 20 16  5  0  8 10  2  7 11  6 10 29 14  9 25 30  0  1 18 22  2  2  8 15  4 26 22  7 12 24 16 15 20  4 28 29  5 13  6 25 24 10 11  6  2 19  0 
 4  5  6 27  0 24  3 17 21  8  3  4 19 22 24 16 14 13  0  0 28 14  5 28 12 17 23 18  6  1 12  8 22 17  6 25 12 14 26 21  1 26 18  7 23 30 20  1  3  0  3 15 18 24 12 20 12  6  5 30  5  0 
17 14 12 25 28 12  2 23 30  7  3  1  6 11  7 13  4 12  1  6  0 20 10 14 26 18 15 30  2 30 13 20 22 14  5 30  4  7 11 20 16 18  7  2 25 11  8 16  5 14 28  3 27 26  0  5  0  4  0 23  8  0 
15 15 15  8 26  4  3 29 23  0 25  5 17  9  0  1 12 11  9 11 30 28  0 30 13 22 14  2  4  1 16 10 30  5 13 25  0 18 24 11  0 12 28 14  3 20 30 30  4  4  6 25 22 13 23 23  6 19  8 16 27  0 
 0 24 25  0 27 23 30  4 29 15  4 30 22 14  3 27  2 16  2 22  2  5 15 16  3 27  5 15 27  3 11 30 27  9  6 16  0 29 24  0 19  5 23  7 24 23 27  0  4  2 11 22  8  5 26 17 10  0 30 17 13  0 
 7 13 10  2 25  1 14  5 15 18  4  0 22 16 28 22 22  4  9 16 23  5 10  1 28 18 10 29 22  1 28  5 13 29 21 16 22  8  9 14 30 26 10 11 13  3 13  1  2  7 17 20 24 15  0 19  3 10  6  7  4  0 
 1 20  4 10  5 11 14 15 15 25  2 27 24 28 22 26 10  1 15 14 18 28  6  4 30 24 22 24 22 10 11  8 17 12 24  9 28  0 12  7 29 27  3 16  2 15 21 26  9 29 28  4 23  8  0 21 18 23 30  8 25  0 
 3 11 24 28 28  4  2 30  9 15  1 23 19 11 16 20  9  3  3  7 15 21 26  6  7 13 13 10 21 12 12 23  6  6  0  2 24 30  6 30 25 21 14 26  9 19 24 10 29 29 25 24 12  0 21  1  1 14  6 10 21  0 
10 17 11  5  9 22 15 28 22 23 21 18  0 16 18  3  5  0 21  6  8 16  3 26 11  1  8 28 25 20 25 20 16 16  6 25  6 17 15 27  1 11  1  7  4 19 28 15 15 16 24 19  8 13  3 11 29 23 27 30  2  0 
 4 18  4  0  8 11 28 25 20 15  1  2 29 22  1 14 12 17  8 27 11 11 18  4 30 13 27 20 10 26 29 23  9 18 23 16  8 30 21 30  7 19  9  4 10 27 30 23 19 14  1 29 12  8  2 22  9 27 30 27  0  0 
24 23  2 18 25  7 14  4 23 15  1 29 16  4  7  4 16  4 25 18 25 26 23  1 17 27 17 26  6 13 13 12  3 19 20  4 28  0 28 29 12 15 17  4 21 12  0 19 14 15 28  7  6 25  4 12 21 10  7 10 17  0 
 1 24  6  0  0  8  9 22  4  9  0 12 16 14  5  9  5 30  8 12  4  1  6 11  2 30 10 25  1 23 30  1  1 27  8  5 16 12 28  0  1 28  4 29  5 30  4  9  8 13 13 11 11 27 14 12 27 22 29 26 30  0 
12 30 10 25 14 12 25 13 30 26  8 11 23  8  1  1 25  0 10 18 12 27 13 25 17 10 28 12 22 14  8  3 14  4 16 20  8  3 10 28 11 12 27  1  8 29 12  4 11 29  3 27  1 25 28 24 28  8  4  2 15  0 
 3 10 29  4 15  4 15 12 25 17 13  8 14 11  3 16 25 14 26  9 21  0 26 11 21  1  0 21 19 12  5 28 13  6  2  3  6  6 10 23 26 17 16  4 19 24  5 30 20 17 23 28 26 14  2  0  7  2  4  2  2  0 
20 17 14  6 12 21  0 21 16 14 11 12 18 16 21 14 20  5 26  9 16 30  5 16 29  0 18 17  5  6 22 11 25  1  7 26 17 22 28 13  9 19  1  2 18 14 26 18 22 29 18  9  1 10 23 21  3  2 16 26  4  0 
21  4  8 11 29 20  0 30 25  3 19  6 15  3 29  7 13 11  1 16 29 24 29 11 21 21  4 16 27 19 25 22 30 20  2 19 11  5 24  3 11 24  1 10 12  4 23 29 29 25 11 26 18  0 10 19  4 11 22 26 20  0 
21 18 26 13 12 17  8  6 11 27 27 10 28  8  8 10  4 18 22 24 15 15 27  3 21 17 17  4 30  2 10 28  0 11  3 24  0 14 16 17 14 28 29 20 28 20 19 24  3  8  1 15 27 22  6  1  0 23 24 23  2  0 
 5  3 13 14 26  9  9 20 21 21 21 26 25 19 25 12  2 23 16 19 27 21  0 28 26 13 20 26  1 19 29 12 28  9 14 10 21  1 27  8  5 13 23  2 25 28 25  6 24 30 25  8 28  8 15  0 27 22  8 24 13  0 
 6  7 14  7 19  4 27 27 16  2 30  1 20  7  5 14 13 18 12 16  5 28 27 22 18 16 21  7  6  9  3  4 11 20 26  6 19 10 23 15 29 20 17 28 11 15  4  8 23  8  5 26 30 28 11 26 17 28 30 30 11  0 
 7 11 15 23  8 23 21 20 14  6 29 16 19  4 28 11  8 21 28  5 15 17  1 23  8 24  0 30 17 19 10 13 10  5 18  2 22 30 28 26  9 11 10  2  8 17 19 23  6  1  9 23 30  2 13 26 23  0 30 18 13  0 
15  7  0 17 23 24 30 28 24 19  1 25  9 17 24  2 16 15  7  4 17 19 15 14  4 14 24 20 27  7 29 14 19 16  2 25  9 30  8 17  8 12 28 30 23  4  0 24 27 29 27  9 16  7 29  7 12 25 23 21 22  0 
28  7 23  0 27  0  4  6  2  4 24 26  3 29  5  1 25  1 12 27 10 19  3 25 27 30 13 14  5  3 12 22 20 15  1  6 10  1 24  6 25 14 18 15 22 30 18  5 15 27 29 27 24 11 22 27  4  2  5 21 29  0 
21 30 22 22 12 11 25 17 13  7  2 16 24  9 22  0 13 10  3 28  7 10  4 15  1 14 24 28  9 15  0 23 28 15 20 10  3 24  5  4  0 25 14  2 26 28 28 29 28 23  1  9 16  3 26 21 28  4 24 28 16  0 
23 25 21 29  3 25 21  9 15  3 12 16  0 10  5 20  1  6 26 18 17 20  6 29 23  2 25 22 10 29 20  5  2 25 22  0  5 15  0 18  2  4  6  0  2  6 24 17 14  4  0 29 28 25 19 25  7 12  2 15 18  0 
 3 12 18 23 16 14 28 20  4  4 20  2  2 22  5 21 22 11 28 20 13 10  9  6 23 27 22 12 24 25  3  1  5 27 26  7 16 24  3  9  2 21 17  6 10 18 21 22 16 13 14  2 18  7 13 17 10 26 13 28 17  0 
24  6  5  9 21 23  8  8 11 13  9  7 27 20  6 23  1  2 22 17  5  2 26  1 15 26  9  2 13 19 21 14 24 17  0 21 16  2  6  4 24 22 24  2 15 13  2 24 17 18  3 21 17 22  3 18  2  0 20  6 27  0 
11 15  2  0  0 26 17 16 23 18 25 30 21 21 11  2 26  5 18  4 10 22  2  6 24 10 10  2 11 27 30 28  7 27  8 28  2 25  2 18  4  1  4  0 17 11 27 29 17  7  8  3 17 25 26 28 14  6  1 15 28  0 
19  7 19 25 10  1  4  4 18  9  2 25 10 23 24 29  0 11 25  4 30 11 10  2 19  6  2  3 16  7  0 18 24 14 10 12  6 15 19 25 16 14 17  7  1 27 28 14 18 10 23  3 22 18 25 11  2  1 28 12 21  0 
25 15  6 17 10 14  5  9  2 29  6 17 28  0  4 23  7 20  8  9  5 28  9 20 28 11  4  2 24 13  7 11 30 19 17 18 17 11  4 13 21  5 22 12  4 28 20 14 20  4 13 25 26  1 11  8 23  5 25 25 21  0 
 7 17 11 25 17 10 18 22  8 11 26  4  8  5  6 21 17  8  0 25  6 17  3  4  3  4 17 21  4 24 16 21  5  7 11 19 14 12  6  9 24  0 16 26  8 19 27 21 22 10 17 15  8 28  1 15 30 15  1 14  2  0 
23  2 19  2 23 15 13 19  3 20 27  3 17 16  7 30 16 23 23 12  5  0  5 14  0 15  3 28 26  9 13 26 20 14  4 12  4 25 22  1  7  4  1 14 11 14 24 14  4  7  0 23 27 13  0  2  2  9 26  6  6  0 
 7 23 13 21  8 20  8  4  7  7 26  7  0  9 19  7  4  5  2 25 15 30 21  2 30 10 25 20  5 22  3 16 19 25  4 23 15 28  0  4 19 28  7 16  8 30 24 10 28  0  2  0 12  9  5 23 10 17 26 29 24  0 
10 13  9 20 20 14 29 22 23 18  2  9  7 15 17 29  3 22  4 23 26 19 13 18  1 27 24  8 26 29 27  7 24 24  6  6 18  1 13 28  9  8 14  2  0 20 25 11 15  4 30 29  0 11 11  3  7 17  0 19 20  0 
25 19 16  7 16 21 10 16 30 16  0 24 29 30  7 11 23 26  5 20 16 22  6  5  1 27  0  8 11 25 22 20 25  4 20  3  3 21  2 23  2 21 25  5 12  2  8 13  2 11 25 17 22 10 27 23 30 23 15 27  9  0 
24  2 13  1  6 19  9  6 16 27 20  0 24 17  9 13 29 17 13 24 21  0  0  5 26 14  2  5 27 16  4 23 30  3  3 19  9  2 30 23 20 19 21 29 14  4  0 13 16 23  1  6  5 14  7 17  9 12 14 15 22  0 
 8  0  0 27  6  5 21 16  4  5  7  2 15 27  4 20 15 16  7 24 22 14  8 30  0 14 22 16 30  9 15  7 16 18  9 18  6 28 17 29 20 23 27 28 20 29 22 29 19  4 11  1  0 22  3 22 26 29 29 16 23  0 
10 12 10  8 24 25 13 25 12  6 22 12 14 14 28  7 13  6  0  1 29 18  6  8 20 12  5  5 22 14  8 27 29  3 29 26  3  2  9  6  5 23 22 21 22 16 15 23 21 21  4  6 11 14 20  1 29 27  3  2 18  0 
17 20 15  2 26  1  2  4 22  6 15 17 18 12 23 10 14  3 19  9 29  2  5 11 12 24 29 12 27 20 25  5 19  4 16 18 26 17 20 28 25  6 29  8 25  9 27 13 17  1 16  8 11  4  4  8 26 28 20  1 15  0 
26  6  7  2 12  1 20 30  7 21  8 24  1 16  6  0  9 28 17 11  8 26  1 20 11 22 24 19 24 27 21 30  5 18 29 29  9 27  6  2 15 17 28  4 18  5 11 21 18  3  8  1 30  8 18 20 29 25  4 25 21  0 
27 29 29 12 14  2  7 14 16 21  1 23  1 18 23  1 11 11 29 23  4 27  3 20  4 25 27 14  6 14 28  6  3 26 15 24 15 22 20  1  1 22 16 15 29 15 25  0 15 16 25  1  5  6  8 15 14 26 27 24 26  0 
25  1 23  4 22 12  4 20 26 14 21 13  2  1 10 10 27  5 20 23 18  3 15 19  1 22 25 26 27 10 20  1  4  7 13  4  1  7 20 25 13 28 29 26  5  1  5  2  5 13  2  0  6  2 26  9 28 18 30  1 16  0 
 1 14 11  9  0 18 13 25  8 26 17 23  6  7 13 17 14 23 14 26  4  4  2 13 21 12 22 10  2 30 30 17 24  6 19 19 18  9 18 28  0 19  5  8 20  5 10 13 19 20 18 20 22 19 15 28 27 14 26 12 23  0 
 8 26 19  4  5  2 26  9 24  8 27  7 20 28 22 10 18 26 17  6  3 24  2  5  6 13 21  5 29  5 22  5  4  4 11  6  8  5 27 16  1 17 23 23 24 26  6 13  0 26 28  7 11 11  9 13 20  4 21 22  6  0 
 5 13 10 20 14 18 29 29  3  6 13  7  4 26 21  6  5  5 10 10  3 27 25 13 12  9  4 27 22 25 19  9  0 28 23  3 16 25 16 25 11 22  4 27  0 23 16  8 30 30  1 29 26  7  7 16  4 15 29 15 11  0 
 3  3 16 25 21  1  1 10 18 14  6 24 15 12  6 20  3 19  1 13 12 17  9  3  3  0  8  0  3 11 21 23 19 22  3 15 23 12 13 26 22  9  9 12  8 26 29 16 11 14  0 26  0 19 28  5 11 17  3 18 28  0 
13  5  4 18 24 14  5 12  8 23 13  3 24 18 18 21 11  3 29 17  5  1  0 24  6 27  7 25  7 10  1  4 25  4 17 22  2 24 30 19 14  8 10 25 22  0  2 13 23 26 23  8 30  4 25 11 21 17 19  4 23  0 
 8 29 11 10 21 10 30 13 13 25  9 21 29 18 29 25 13 24 27 30 14 12 13  6  1 16 19  7 17 23 29 23 29 24  3  0 25 27  0 24 13 27  4 30  7 26 15  9  1 16 25  3 24  6 24 24 26 21 12 13 26  0 
 0 21 23 27 17 27 21 21 13  1  5 17 25 13 16  2 11  3 22 14  3 22 28  1 18  4 20 13  9 25 21 22  7 26  6 27  0 14  6 22 26 18 17 19 25 18 22  7 23  3 15 20  7 28  6 13 26 26  0 28  7  0 
22 20  0 17 14 19 14 18 27 14  8 19 15  5 13 18 11 23 28  5 29 27  9 10 29 10 13  5 27 29 25  1 18 20 21 16 13  0  4  4  0 17 26 25  2 23 10 14  0  7  0 11  6  0 28  0 12  4  3  0 22  0 
28 23 26 24 29 25  4 23 16 13 29 11 27 18  9 21 15 13 23 12  5 13  1 29 22  5 23 18  0 25  3  7 24 25  5 20 20  5  3 18 22  9  6 28 11 22 11  8 23  7  6 19  5 15 23  4 10 22 27 11  2  0 
 5  0 14 13 10 17 12 19  1  3 10  6 16  2 29  8  7 28 20 11 22  1 21  2 10 30 26  4 17 14 11 27  4  2  3 23  1 13  6 25 28  4  4 11 30  9  1 16 21 15  1  3 23  0 15 26 19 14 28 25  7  0 
28  4 21 20 13  0 21  7 21 13 16  2 14 12 20  5 20  2  5 14 27 30 15  1 17 20 10 30 14 29 25 12 30  9  4 16  7 18 12  9  5 16 28  8 21 22 20 16 12 16  1  8 18 10 28  4 15  5  1 16 23  0 
23 16 30 18 25 24 16 26 28 19 17  9 24 17  2  9  7 30 25 15 15 13  5 29 24  9  1 30  4 21  9  4 14 20 22 15 21 29  2 29  3  0  0 17 23 10 26  3 14  7 26 30 29  9 25  1 10 14 13 24 24  0 
25  5 26  4 26 11  5  4 17  0 20 17 18  5 11  8 22  4 29 24 27 30 22 29 26 13 30 18  8 17 24 26 16 28 30 12  1  8  4 27 10 29 28 25 18 26 29 26 28 26 12 23  6 17 12  2 25 15  5 10  8  0 
16 18  5  5 17  4 17 19  1 15 29 18 29 18 19 29 24 24 10 10 17  7 11 10  0 14  2 13  8  8  7  7 29  5 28  5  9  1 22 28 29  1 19 17  3 20 27 27 14  4  1 21 20 24 23 15 23 25 17  7  7  0 
15 15  1 16  5  7  8 25  2 16  3 18 14 23  9 15  6 18  2 15 19 11  5 20 27  0  8  6 19 28 17 17 17 23 19 23 11 27 22 25 15  4 22 11 12 27 28  1 26  1 15  0  3  1  6  3  7  4 25 30  7  0 
27 19 11 22 25 26 29 14 26 14 25 18 17 11 11 18 22 28  4  8 13 20 19 12  0 20 20  8  5 13  5 10 10 19  6  8 28 21 17  2 19  2 16 13 28  8 19 11 19  5 20 22 10 24 27 23 15  9  5 13 19  0 
12  0  5  3  3 15 20  5  2 16 27 23 11 24 27 30  8 24 17  8 17 26 19 15 10 12 28 21 14 26 27  7 25  5  2  6 21 28 27  3 12  3 10 30  2  6 17 14  0 24 20 14 14 11 27 18 28 20 25 13 10  0 
19 18  1 12  4 23 26 11 22 16  2  4  3 15  4 11 23 13 27  1 30 25 18 21 10 27 15 27 19  7  0  5 16 29  4 25 24 27 14  4  7 13 25 17 16  9 20  5  4 26 16 20 24 11 24 22 28  3  4 12  9  0 
