 0  0  1  7 19 30 23 10 17 16 26 26 15 16 12  4  8 18  8  6  0  5 27  7 30 11 23  3 14 27 20  7  4 24 14 11 22 26 12 15 22  1 15 24 17 10 15 25 25 18  7 13 13  3  2 28 13  6 15 20 19  3  0  0 
 0  1 12 10 29 27  0  4  5  2 21 26 21 16 23  3  0 11  0 12 16 10  8  4 23  7 25 23  0 27 23  9  7 24  8 21  8  8 19 19 24  1  7 17  5 18 24  3 29 19 13  6  8 21  6 21 27 19  6 24 10  0 
 0  0  1 27 21  7 20 10 14 13 12 30  1 28  9 27 27  9  0 19  2 17  5 10 24 30 24  8 18  8  3 23 11  3  2 14 26 10 11  1 20 24  4 21  7 11  5  3 29 27 28 21 19 12  8 10 24 29  8 13  4  0 
 0  0  0  1 29  6 14  5  6 10 29 25 12 18 21 15 18 16  3 11 15 24 22 16  8 24 10 15  6  1 27 19  0 19 28 24  4 28 22 16 30  9 15 27 21 19 10 28 10 12 29 22 21 24 27 19 17  7  0  8  1  0 
 0  0  0  0  1 22 30 13 26  6  2  1  4  9  6  8 23 24  7 26 10 16 28  3  6 10 21 16 16 19 26 25  4 15 15  7 27 26 20 21 26  9 26  7 25  5  0 29 12 22 15 28  7  3  0  0 12  3 29 10  4  0 
 0  0  0  0  0  1 29  1 28  2 12 25 16 21 14  3 19 21 14 13 11  4  4 23  3  3 20 22 28 20 23 29 12  2 11 27  0 30 21 12 16 25 11  6 12 12 17 11 21  8 22 18  9  4 29  0 15 26  2 23 26  0 
 0  0  0  0  0  0  1  4  6 20 26  9 13 28 26 22  5 18 13 13 18 24 11 27 23 22  2 25  3 13 16 14 27 19 12 29 11 12  3 23 26  6  9  6  1  8 14  0 29 12 18 12  8 13 11 19  8 18 10 16  9  0 
 0  0  0  0  0  0  0  1  7  0 16 24  5 15  3 28  7 26 25 24 20 14  9 23  1  5 12  2 27 25 25  0 11  3 15 16  5 14 18 22 28  7 28 11 16 29  9 24  2 30  8 12 11 22  2 21 19 30  6 17  1  0 
 0  0  0  0  0  0  0  0  1 15 22 23 10  3 15 10  8 18 14  8  9 16 27 11  6 22 28 26  9 16 30 11 22 11 22 29 12  8  7 21 20 17  0  9  5 18 19 13 24  4 14 26 14 29  0 23 25  9 15  0 19  0 
 0  0  0  0  0  0  0  0  0  1  2 20 28 18  2 27 19 14 10  1 29 11 22 10 18 25 28 28  3 27 20 18  1 29 13  7  6 25  7  8 20 22 29 18 26 24 24 25 20  1  9 12  2  8 16 13  0 29 18 10  6  0 
 0  0  0  0  0  0  0  0  0  0  1 24 18  9  4 14 16 12 14 21 11 28  2  9 10 19  8 25 27 20  8  1 17 11 13 13 20 21  0  6 26 12  6 18 25 14 18  1 18 11 11 29  5 28  8  4  9  0 24 13  6  0 
 0  0  0  0  0  0  0  0  0  0  0  1  3 11 27 21 12  4  1 13 22 20 21 14 22  1 25 22  3 19  7  4 10 10  4 29 30  6  9  1  7  4 12  8  8  3  5 10 14 13 20  0 30 10 21 27  9  0 20 17  0  0 
 0  0  0  0  0  0  0  0  0  0  0  0  1 18 26 27  0 18 25 17 20 20  3  2 11  8 11 16 12 24 20 17 10 18 26 24  2  5  8  2  3 16  7 25 28 17 26  4  5  8 17 19 28 16 24  6 30 30 29 21  7  0 
 0  0  0  0  0  0  0  0  0  0  0  0  0  1 13  5 22 16  6 11 19  0 22 10 24  2 11  6 17  1 10  6 12 22 26  7  7 14 27  3 11  9 19  4 30 22 15 30  5 16 12 27  3  8 28 23 11 23  0 11 13  0 
 0  0  0  0  0  0  0  0  0  0  0  0  0  0  1 19 30 23 28 20 21 14 22  7 21 15 26 28  2  8  4 25 30 27  3 30 13  5 24 17 10 19 22 28 10 21 23 18 10  2  7 15 11 14 28 18 11  8 16  3  0  0 
 0  0  0  0  0  0  0  0  0  0  0  0  0  0  0  1 13  2 24 22 16 24 13 23  4  9 22  7  7 11 21 24 30  9  7 28  2 18 25 16  5 27  9 16  0 15  0 22 17 24 16 19  7 23 23 26  8 16 16 15  7  0 
 0  0  0  0  0  0  0  0  0  0  0  0  0  0  0  0  1  7 26 10 20 16  4 23  7 27  8 28 22  1 27  0  7 25 28 28  2  6  0  0 24  5 14 14 19 25 21 20 13  2  9 29  8 18 18  6 17  2 18 16  5  0 
 0  0  0  0  0  0  0  0  0  0  0  0  0  0  0  0  0  1 22  6 19 21 23 13  1 23 20  5 28 16 14  8 30  1  1 16 27 20  6 11  4  7  5  8  0 24 20 24 18 21  0 12 25 12 15 16 20 29  7  8 19  0 
 0  0  0  0  0  0  0  0  0  0  0  0  0  0  0  0  0  0  1 17  4 20 28 12  9 14 25  3 13  9 16 14 11 13 26  7 11 10 11  3 22  9 11  0 21 16 26  3  4 22 28 17  0  6  4 27 28  0 11 22  8  0 
 0  0  0  0  0  0  0  0  0  0  0  0  0  0  0  0  0  0  0  1  9  2  4 27 26  6 27 10 16  5  3 11 22 24 28  3 30 19 22  4  4  7 14 27  4 13  3  7 23 15 15 13 20 17  8  2 30 15 15 25  6  0 
 0  0  0  0  0  0  0  0  0  0  0  0  0  0  0  0  0  0  0  0  1 19 24 18 28  9 23  5  0  6 12 27 14 26 28 26 12 25 18 19  4 21 11 21 22 22 24 27 27  6 16 15 15 26  9  0 18 28 28 23  3  0 
 0  0  0  0  0  0  0  0  0  0  0  0  0  0  0  0  0  0  0  0  0  1 21  3 23 10 17 11 26 11 23 26 15  6 15 29 16  9 23 26 26  7  2  6  7 30 16 22 26 20 13 18 19  1 11  6  8 18  9 10 19  0 
 0  0  0  0  0  0  0  0  0  0  0  0  0  0  0  0  0  0  0  0  0  0  1  3 14 28 13 30 28 24  2 17 15  3 17  1 12  7 26  4 13 16  9 21 27 24 13 14 13 12 25 28 20 16 26 23  7  6  0 30  4  0 
 0  0  0  0  0  0  0  0  0  0  0  0  0  0  0  0  0  0  0  0  0  0  0  1 24 23 13 28 15 20  4  8 22 11 27 30 24  3 14  1  1  9 10 28 30 26  6 25 25 15  7  5 29  4 23  6  2  0 15  8 20  0 
 0  0  0  0  0  0  0  0  0  0  0  0  0  0  0  0  0  0  0  0  0  0  0  0  1 16 17 18 17 13 26  0  6 21 27 22  4 29  4 28  9 24  7  9 15 29 15 17 16  6  2 12 10 16 12 20 21 25 14 27  2  0 
 0  0  0  0  0  0  0  0  0  0  0  0  0  0  0  0  0  0  0  0  0  0  0  0  0  1 19  8  2 17 23 17 22  0 13 22 12  8 10 21 18 17 12 15  7  9 12 23 19 19  6 30 13 27 23  9 20  0 24  7 15  0 
 0  0  0  0  0  0  0  0  0  0  0  0  0  0  0  0  0  0  0  0  0  0  0  0  0  0  1  1 25  3 12 20 21  4 27 20 20 18  8 30 23  6 27 18 11 30 18 27 18 13  0 18 22  9 27 16 12 13  0 13 13  0 
 0  0  0  0  0  0  0  0  0  0  0  0  0  0  0  0  0  0  0  0  0  0  0  0  0  0  0  1  0 29 23 30  9 10 30 20 26 25 23 21  5 17 15 23 18 19 22 19 29  4  2 30 27 19  6 27 11 25  8 17 11  0 
 0  0  0  0  0  0  0  0  0  0  0  0  0  0  0  0  0  0  0  0  0  0  0  0  0  0  0  0  1 20 26 13 16  2  6 18 30 12  6 20 23 20  1  0  7 14  4 16 17 22  8 15 25 18  5 17  3 12 16 15  2  0 
 0  0  0  0  0  0  0  0  0  0  0  0  0  0  0  0  0  0  0  0  0  0  0  0  0  0  0  0  0  1 16 18 10  2 19 17  1  4  7  7 28 11 12  2  1 14 18 26 15 21  0 30 19 16  5 17  4  8 27 15 23  0 
 0  0  0  0  0  0  0  0  0  0  0  0  0  0  0  0  0  0  0  0  0  0  0  0  0  0  0  0  0  0  1 19 24 22 18 17 17 16 26  4 18  6 14 23 11 28 30  0 21 11 13 24 26 20  2 21  5 29  6  7 11  0 
 0  0  0  0  0  0  0  0  0  0  0  0  0  0  0  0  0  0  0  0  0  0  0  0  0  0  0  0  0  0  0  1  1  6  4 23 12 24  2 15 30 30 30 19 26 27  4  6 14 25  7 20 12  1  5 13 11 13 21 10  7  0 
 0  0  0  0  0  0  0  0  0  0  0  0  0  0  0  0  0  0  0  0  0  0  0  0  0  0  0  0  0  0  0  0  1 29 19  2  1 13 29 20 22 12  2 18 21 21 25 30 22  3 11 18 17 26  5 15  4  1 30  8 12  0 
 0  0  0  0  0  0  0  0  0  0  0  0  0  0  0  0  0  0  0  0  0  0  0  0  0  0  0  0  0  0  0  0  0  1 21 30 10 16 18 10  8  3 28  7 25  2  7 29 27 25 11 17 23  8 18 26 26 29 23 23 30  0 
 0  0  0  0  0  0  0  0  0  0  0  0  0  0  0  0  0  0  0  0  0  0  0  0  0  0  0  0  0  0  0  0  0  0  1 24  8  7 12 28 30  8  5 20  9  7 18  4  2  8  0 18  2 17 10 20  8 26  4  4  8  0 
 0  0  0  0  0  0  0  0  0  0  0  0  0  0  0  0  0  0  0  0  0  0  0  0  0  0  0  0  0  0  0  0  0  0  0  1 22 14 11 19 17  4 28 10  1  8 24 25 25 17 15 25  9 12 12  2 20  3 11 17  5  0 
 0  0  0  0  0  0  0  0  0  0  0  0  0  0  0  0  0  0  0  0  0  0  0  0  0  0  0  0  0  0  0  0  0  0  0  0  1  6  7 25  4 24 23  6 15 13 17 10  7 24 17 27  2  7 20 20 17 20 14 19 26  0 
 0  0  0  0  0  0  0  0  0  0  0  0  0  0  0  0  0  0  0  0  0  0  0  0  0  0  0  0  0  0  0  0  0  0  0  0  0  1  7 18  3  4  1  2  6  7  3  0 20 19 15 28  6 14 20 23 11 23 12 29 23  0 
 0  0  0  0  0  0  0  0  0  0  0  0  0  0  0  0  0  0  0  0  0  0  0  0  0  0  0  0  0  0  0  0  0  0  0  0  0  0  1 21 22 17 22  5  5 16  1 22  4 16  8  0  7 28 23 22 13 15 17 13 26  0 
 0  0  0  0  0  0  0  0  0  0  0  0  0  0  0  0  0  0  0  0  0  0  0  0  0  0  0  0  0  0  0  0  0  0  0  0  0  0  0  1 20 27 18 24 10 24  7  2  4 15 22 17 14  9 22 13 26 29 29  2 21  0 
 0  0  0  0  0  0  0  0  0  0  0  0  0  0  0  0  0  0  0  0  0  0  0  0  0  0  0  0  0  0  0  0  0  0  0  0  0  0  0  0  1 28  9  7 29  4 28 13 18 30 12 11  1 16 29 13  3 28 27  9 10  0 
 0  0  0  0  0  0  0  0  0  0  0  0  0  0  0  0  0  0  0  0  0  0  0  0  0  0  0  0  0  0  0  0  0  0  0  0  0  0  0  0  0  1  3  3 20 11 24 24  9 24  5 15 26  1  7 18 19  0 21  8 30  0 
 0  0  0  0  0  0  0  0  0  0  0  0  0  0  0  0  0  0  0  0  0  0  0  0  0  0  0  0  0  0  0  0  0  0  0  0  0  0  0  0  0  0  1 13 24 10 15 10 14 27 28 30  8 17 19  4  3 21 10  3  9  0 
 0  0  0  0  0  0  0  0  0  0  0  0  0  0  0  0  0  0  0  0  0  0  0  0  0  0  0  0  0  0  0  0  0  0  0  0  0  0  0  0  0  0  0  1  7  3 19 27 28  9  8 22  5 24 21  6 24 14 10  5 27  0 
 0  0  0  0  0  0  0  0  0  0  0  0  0  0  0  0  0  0  0  0  0  0  0  0  0  0  0  0  0  0  0  0  0  0  0  0  0  0  0  0  0  0  0  0  1 10 12 10 29  4 19 11  1  1 27 21 14  7 20 15 10  0 
 0  0  0  0  0  0  0  0  0  0  0  0  0  0  0  0  0  0  0  0  0  0  0  0  0  0  0  0  0  0  0  0  0  0  0  0  0  0  0  0  0  0  0  0  0  1  1  3 11 26 22 10 21 11  5  0 28 18  5 10 27  0 
 0  0  0  0  0  0  0  0  0  0  0  0  0  0  0  0  0  0  0  0  0  0  0  0  0  0  0  0  0  0  0  0  0  0  0  0  0  0  0  0  0  0  0  0  0  0  1  0  4 11 27  1 13 25  0  6 19 15  0 13 18  0 
 0  0  0  0  0  0  0  0  0  0  0  0  0  0  0  0  0  0  0  0  0  0  0  0  0  0  0  0  0  0  0  0  0  0  0  0  0  0  0  0  0  0  0  0  0  0  0  1 22  7  2 27  0 15 13 27 18 19 24 30 30  0 
 0  0  0  0  0  0  0  0  0  0  0  0  0  0  0  0  0  0  0  0  0  0  0  0  0  0  0  0  0  0  0  0  0  0  0  0  0  0  0  0  0  0  0  0  0  0  0  0  1  2 12  2  4 17  7 29  3 18 23 10 17  0 
 0  0  0  0  0  0  0  0  0  0  0  0  0  0  0  0  0  0  0  0  0  0  0  0  0  0  0  0  0  0  0  0  0  0  0  0  0  0  0  0  0  0  0  0  0  0  0  0  0  1 11  4 28 21 13 30  5 23 22 25 22  0 
 0  0  0  0  0  0  0  0  0  0  0  0  0  0  0  0  0  0  0  0  0  0  0  0  0  0  0  0  0  0  0  0  0  0  0  0  0  0  0  0  0  0  0  0  0  0  0  0  0  0  1 26  2 13 21  2 10 17 30 26  7  0 
 0  0  0  0  0  0  0  0  0  0  0  0  0  0  0  0  0  0  0  0  0  0  0  0  0  0  0  0  0  0  0  0  0  0  0  0  0  0  0  0  0  0  0  0  0  0  0  0  0  0  0  1 25  2 16 20  8  1 25  2 16  0 
 0  0  0  0  0  0  0  0  0  0  0  0  0  0  0  0  0  0  0  0  0  0  0  0  0  0  0  0  0  0  0  0  0  0  0  0  0  0  0  0  0  0  0  0  0  0  0  0  0  0  0  0  1 27  1  7 17  7 12 29 26  0 
 0  0  0  0  0  0  0  0  0  0  0  0  0  0  0  0  0  0  0  0  0  0  0  0  0  0  0  0  0  0  0  0  0  0  0  0  0  0  0  0  0  0  0  0  0  0  0  0  0  0  0  0  0  1 22 15 24 22 28 29  1  0 
 0  0  0  0  0  0  0  0  0  0  0  0  0  0  0  0  0  0  0  0  0  0  0  0  0  0  0  0  0  0  0  0  0  0  0  0  0  0  0  0  0  0  0  0  0  0  0  0  0  0  0  0  0  0  1 27 30  8  3 15 17  0 
 0  0  0  0  0  0  0  0  0  0  0  0  0  0  0  0  0  0  0  0  0  0  0  0  0  0  0  0  0  0  0  0  0  0  0  0  0  0  0  0  0  0  0  0  0  0  0  0  0  0  0  0  0  0  0  1  9 11 12 16 10  0 
 0  0  0  0  0  0  0  0  0  0  0  0  0  0  0  0  0  0  0  0  0  0  0  0  0  0  0  0  0  0  0  0  0  0  0  0  0  0  0  0  0  0  0  0  0  0  0  0  0  0  0  0  0  0  0  0  1  6 21 22 21  0 
 0  0  0  0  0  0  0  0  0  0  0  0  0  0  0  0  0  0  0  0  0  0  0  0  0  0  0  0  0  0  0  0  0  0  0  0  0  0  0  0  0  0  0  0  0  0  0  0  0  0  0  0  0  0  0  0  0  1 29 30 29  0 
 0  0  0  0  0  0  0  0  0  0  0  0  0  0  0  0  0  0  0  0  0  0  0  0  0  0  0  0  0  0  0  0  0  0  0  0  0  0  0  0  0  0  0  0  0  0  0  0  0  0  0  0  0  0  0  0  0  0  1 29  1  0 
 0  0  0  0  0  0  0  0  0  0  0  0  0  0  0  0  0  0  0  0  0  0  0  0  0  0  0  0  0  0  0  0  0  0  0  0  0  0  0  0  0  0  0  0  0  0  0  0  0  0  0  0  0  0  0  0  0  0  0  1  7  0 
